8.662735715606052
9.509396145509234
10.445603136631293
9.232539189341244
10.296055913198977
10.428383763568808
10.172102963114702
12.330866549847093
8.707334718084146
10.641398381593172
13.842639467534648
8.20543131887908
8.972215850912619
7.980313068255414
11.059065855658345
8.041223139648892
8.969849740063296
8.658022423455373
8.465226387144403
45.35341798809938
9.102586609564856
9.359470785483113
9.432475068260587
9.18494500404632
9.75215558197609
9.875880976323346
37.705375350090094
17.907787075382657
12.11988119070339
9.806883692590068
14.847973520747273
13.288498402221764
41.975486225135576
9.224927883201767
11.325090281171162
12.23311120153077
10.165065363982915
10.812193074036623
11.510239995911673
21.010685416068085
9.250423985127414
35.563955113411986
11.812971506008088
44.954872389521775
11.344176432068705
17.930813915220796
10.663594489508311
11.725488684610825
9.971732007704007
12.679540861582234
11.726752336376586
9.967791728520796
10.527249278703481
10.699941607125728
13.918017629929421
28.350049394560706
12.653304801798877
22.23361112018751
14.44085537194263
10.847671973689573
11.631400230572078
12.413756509069744
11.181461641412431
13.90162725425734
12.773571132612096
11.896685556086831
13.610918056428519
8.46508137361366
9.140459472924086
12.882475740698544
7.797729735320322
11.599199753643065
12.292390367882271
8.815035255412157
9.83473629890194
11.063723076112895
8.138307685892277
10.169453406649998
12.405771313561496
9.46168566563797
11.99039409999479
12.284910577963332
12.499820632531419
29.60518231461372
11.135078447740264
11.66695630448452
22.21991075956673
12.801291467001446
9.065524683866549
10.622542044467211
12.029342505015824
10.189968726269257
10.944685338294596
10.159520978951454
10.283286789331859
13.331182345761162
12.65039703107549
14.208757976413525
26.33765922012863
9.795046688624724
9.446192030652007
11.853058784930242
12.189317472192107
7.774285644225044
9.216687572918111
10.1059507939959
12.246504769013052
7.224910784051483
14.788422128507053
15.504053796385692
11.935084187691006
12.949155373449946
14.437584803263524
9.587520669324059
10.285312846692614
8.912238560224898
13.629757183134567
16.47684820457887
9.934315599270967
10.393172987484006
13.001421066374688
12.540319815477156
10.922313193487389
10.41973060022172
13.187065909854544
9.799802073283034
13.778614696686153
13.033917996078427
9.469175656427215
15.104646937267225
19.46213067505665
15.292938290450588
8.7673451924859
7.779831798416559
10.812165523099734
10.158365718523335
11.965946672137123
15.002916030739245
9.208858624654383
11.391945339355788
10.247668682718576
11.039559367925543
10.540195622151481
9.968451086991086
11.165424485710544
9.567305887593472
23.97820306937814
12.014359464235094
10.499701149495246
8.154850242877032
13.609922803502231
11.511693141937046
8.917024840391049
10.450856070981393
2.9785102119912654
12.209552385941047
14.753599778429136
0.8956355461018184
13.110471484145746
8.827734837846839
10.247830348348199
13.15566923504347
8.975146354712567
10.655592109071526
-0.7346332157240489
12.7196669350191
13.132600398695823
17.302329840697183
13.51003606114453
-3.8962560872578385
-0.20404472904188697
7.712740849042179
-1.2876165249875218
8.18591784267156
16.72415428658106
15.755754694143176
11.227068331332186
13.17279414216762
4.465695305802431
12.26244401068893
14.36904289284499
16.6144888096119
9.566243298041492
9.964993336199855
10.9990576747635
11.203858248344188
10.346322255244464
10.860521174456538
10.32769269616232
11.619312731421955
12.395007025586898
25.16623761045075
10.700764856070181
25.218224026400094
9.218655617868025
11.310180696062796
25.778486506639048
8.8186888109381
10.219314332466817
10.30875926406115
9.62097707064103
10.331553947285459
9.59882678088459
13.154851650515683
29.397174248061688
10.072921319156166
8.924099946428449
17.366317057451965
10.926789697442869
12.007895250830957
10.480562171233652
8.39367549380145
9.758149165266406
21.30680755239505
9.67853124210462
10.041643349413986
10.881223319657115
10.65065850673047
10.92885343795165
18.827787148815197
17.58292052973041
11.39761585921356
14.991451525389605
9.916521558318633
12.651247555008132
10.19557913161042
11.211018581372185
32.258594266837065
12.85276439176465
10.950758517705095
9.143056348504016
9.011846094655908
14.289708829795822
9.98665147730767
10.147333957598947
10.388101506102762
11.653081531569525
10.631229640533958
11.218998999112708
16.604171668822794
10.126996252055424
6.168976275594311
10.684759399784037
13.478084312653221
11.627512927781256
37.57771968869634
11.400351135693045
15.261359876086066
10.436363205008044
9.129108818821264
9.828572620322628
11.290095471817564
28.607607887436266
12.859712859495852
12.380458003835825
12.265280316839904
13.10264942933504
11.661219350085444
12.197404256739974
10.533191264332382
9.190295535894794
13.47253152586134
17.58981516137655
9.176956823110864
21.756216460385332
9.96750875542398
14.046638184983758
13.401023310667773
10.48176645620086
24.16855827834116
19.855086088695387
14.641574020939276
13.447532714265195
12.580366375861244
13.36658752030314
13.338013134125733
20.57292626480146
12.76323553010148
10.951694566053314
12.909466984553925
14.853717820848741
11.412033736337486
10.647298004652646
12.353191581628431
11.983375411590666
10.491723907949003
11.042071291860116
10.373116166603706
9.78767201232976
8.806097263634442
8.387525096550148
10.565300427291662
11.508451199750406
9.899908380805302
10.363934990751305
9.901470166148126
7.926879306066148
10.11294246727911
12.64336427571177
16.290924812751705
10.989781289546935
13.512367364483941
8.962600397060617
10.92168689791564
11.247094941269681
27.573390271291082
27.08869346593096
11.347685487120748
10.854184556518637
13.213730650540514
12.476322913567023
10.787090009836087
13.735490244564046
11.515051517793959
10.149261262752166
11.847430038023548
11.145340215621301
13.336974256874585
12.393291079806575
2.3417231349376255
9.249938269984659
8.96297958272848
10.717437581499341
9.60758453909337
8.983935595688779
13.207430080198202
8.105841838987264
9.108731400303062
9.730036390780905
10.318515797978423
9.82323950623532
11.221544568616592
10.878957942403188
9.344324054968503
11.552898925384634
7.9396509690686425
11.592563471619266
9.49032094071518
11.355296568288944
16.672256262668874
15.760947901976797
8.867196887809898
13.722516538796684
0.2074324722609795
0.2691226309400596
3.377540376761525
8.136773804159073
9.86892353064891
13.072313781066393
9.892494402646442
-1.3499595415232122
14.430281794437784
10.461566953382215
6.31041568904736
-0.03505972480131092
12.20105570640778
16.378973762902326
15.697719351060963
9.556548086425174
7.446261124261689
10.800637758953998
11.159310360784831
10.96495036704672
9.476355300301302
10.842163052641675
10.305043237772976
11.380633395681334
10.26594202248481
9.41474405368625
15.518704017981646
10.953814153253449
11.154698673260755
11.19025306385427
11.622437317508949
8.70315298484975
9.714989146140848
24.039846884896946
7.837444716592346
13.767926978643269
10.405693322356273
10.132567199849516
9.356147985230935
8.701547685875637
14.717150695518066
11.481102062295514
10.177383597129982
11.284894005244732
11.41399471570512
27.860602001523674
13.522927015238645
7.789673201414443
8.759604564928248
11.80314048882184
10.84907269250934
8.85583789107848
9.830267800867409
18.75381588623697
18.007810305696083
11.333456158907174
11.771687506010077
11.086208838497607
8.220030868018304
9.224617847384017
9.744462646203939
9.027975182134014
10.92447483067034
9.462528580685886
8.075419789313878
10.961455336472367
8.81176419235771
10.006066150297562
9.670187950936947
11.301844007579907
40.00162891106231
9.625631637550986
8.671118912613347
17.28779948424757
10.686886087719165
10.724179606548445
10.559818303013683
33.65934776964989
10.09878513317619
14.105677757143317
10.636708587504694
37.25565929793982
13.765707452695105
11.422024074784071
12.344545075881419
13.200625067056487
12.124330324822258
12.121136736396279
11.264821708384906
8.18262618349763
13.169744533462675
11.510570090213983
10.406080884958941
8.792157802401512
11.303256508180985
13.46352203209434
10.726418055918069
11.131540543971694
17.947090034310186
10.671349233129048
10.46334371839603
10.503085595061298
10.254133382601616
9.077070714144947
9.138089886937566
8.59121150455872
10.694498738463485
8.655387721157041
23.726094647131795
8.975125332513988
14.337702699381266
36.57823501901791
22.516268752889594
14.300808645509049
12.446733722973809
14.350459838445778
10.606313270509508
11.103399437195586
12.02035072975543
7.9216889415392036
12.962485461223606
16.633569613940608
9.05318720428975
12.146045833215721
8.91397306451466
16.011654348694684
10.919061505102716
15.406155438743378
11.67431591572103
8.212787196889769
22.008089054579827
21.996373320672525
21.481383540306325
47.981547253394055
9.154553600893003
26.444055847579932
11.02250087805268
9.233381639588876
-1.5470002650710768
17.22398077925599
15.4362360030081
10.266116946404146
11.29861371184518
8.049040633693773
14.234939247095658
11.310198919726064
12.404797018542718
10.697362390378428
9.900267095567541
12.669977939215487
10.563883194437816
13.31548765147644
9.495886780687933
11.560752039080056
13.91373573110029
11.63808702556729
13.349564537163813
13.994268716400777
11.979592172062576
9.426757809452383
11.366507571659634
11.101689381177595
10.261350695797196
11.861978749263946
10.971835338137977
16.922231237545567
10.108961157093265
13.562166001902883
16.994918221478898
12.12841510290369
13.616144364180522
14.298626578364713
8.620755282002605
11.657100639289913
29.980684064086432
13.770965295072488
-4.3025307598378095
9.858241240870296
16.09709161105733
9.808036522061567
16.34693867234732
-3.205992187979037
4.247102587102287
6.963973017844916
10.284300756528536
27.718509686880857
14.91827409095689
10.185243971154032
9.299130833095838
11.049936928645467
7.7227565555931665
10.578566516213913
9.742391851316103
12.581115476025099
11.956028752592035
9.806876627663785
9.066355486836276
8.237261219402264
12.716533764073825
11.684052102833943
10.669688721633063
9.463240987228929
9.401921803558986
10.378404013561687
8.645208539069436
75.45070271117939
10.718180856026725
10.954973254883663
10.797082807161816
24.500653785595333
16.458193785469362
12.442486394939516
14.659524731101156
10.476442212526008
17.93684444075913
12.731052604636323
21.97077944005231
11.389378846967523
34.48575258636556
17.471174842226077
13.619611568203362
12.265310814308881
14.019146729744142
11.89281186530071
13.471009144711095
13.112370749068132
12.801906668722845
13.386085812656562
17.254423254735748
23.43789886212666
9.364854933627877
16.49699674378089
16.05226847930441
9.808723340563256
33.56936872672694
7.835453871277865
35.775251200334836
11.91712646675086
29.551640330587908
10.221266658347215
9.560899663213577
11.355835141096675
10.005526209038472
9.990649174836825
11.589994865655422
13.479512081590338
10.203426122949763
10.13254848078331
12.97629581508656
11.110167308031611
13.554604319312078
10.632913262127305
12.168173625928157
14.109497345664339
10.91650710716147
11.028269174891252
14.04386423417346
9.944985150933052
11.619359750605165
11.870738679032899
12.358999842427528
9.159168360737816
9.166641334852788
9.942726253744402
10.354148344316867
21.54111841641255
14.024085180754374
12.886336937423314
11.221834374555593
21.10922328973566
13.41153966699399
9.19095836291605
10.469412376604593
9.494021578423478
34.80319074435836
9.488679088559834
9.649223833274565
12.591818549679049
12.495093044212004
12.69066637384976
11.988664308649293
12.277204805321352
13.359458130976934
12.66706896293485
19.757974702237753
9.43602366338786
10.156412893047612
11.698318519082145
39.020814335974016
12.024589014555952
9.436309907276161
10.7018420211626
10.709291988426715
15.837864250459615
12.226715746528376
8.856453911424076
16.120213628781478
14.670094204715648
9.470975424921702
10.444031603345474
11.076407974637453
12.210145441951754
13.740898576804275
13.15574618354732
11.269261711521063
12.429400691294434
11.134492163198919
8.58338417776237
8.259032834918862
11.77414785249555
8.969688270617317
22.744998171038482
11.011410836372134
12.02186890051353
11.404934886517038
10.324507858497617
9.583047983696396
9.285119392985303
24.26983206361878
35.885489262185956
11.538089133909674
12.887558157085953
15.78402928368473
39.211800800330906
7.572026465754757
11.65020575051033
12.344290675552093
9.744571265847922
22.793343692682697
12.591880823126361
9.728280362847007
9.499962445899884
12.83411707548139
11.525986817595102
14.754344472909965
0.641035605771469
10.088093879323633
8.817213734952274
-1.1579471284555671
13.274080802379869
25.506255623923444
12.67137756081174
8.291157212946576
-3.244083953516385
15.330204437536596
-1.3055807179327612
-3.8635315118430476
12.126988873245926
0.3156612719249283
-1.2154456367584494
8.395956501823669
7.561833570993526
16.181937216735527
11.063464860395557
11.992451790031312
4.623653283305343
18.706999822390422
9.236430945905923
12.382017660351567
9.246844654657309
11.717482377616422
11.501910013312758
13.460763786939362
9.905862581601733
9.751504401062936
11.268368510924867
9.111197910578362
12.76867702359099
21.3597232785171
8.964378843072645
12.867565682875943
7.688211162198318
10.045187474990014
9.790828316689396
9.275845337476575
32.0575789305464
10.731630703921239
35.4882703889945
24.52280070933299
24.324781092088962
9.478425219846637
12.422330067907547
12.77961186671138
13.319986547031997
9.058300403986092
9.840941210447596
11.491559949065755
12.7375554888543
8.894273542227557
11.850741455133045
27.856423224751268
22.926044852173327
10.808171772463202
12.452829859080468
10.406765258941187
16.281422326902714
14.041351529207647
21.65705098503996
18.813574627769242
16.155576051149524
19.86337933255264
9.101818328999087
7.951729913354821
15.05453080140275
21.947454703522155
12.610732637609223
21.254463115227345
10.856361934525806
10.428492721009407
11.84415377203163
9.785342520020043
10.453078191107403
10.529049980125476
44.0053337773453
12.086460123009823
45.71345942422856
12.362255482589836
8.869689028066839
12.234408798353128
11.907665940695727
11.97694389647386
10.064741137609706
10.5129274552084
50.68237449209759
10.286237941014745
9.341578184617783
12.21315193271783
10.905578207566874
11.672404627182322
9.848542615912441
12.353207301594297
11.645970255608377
11.277278173301129
13.096419665521532
31.949255715758014
21.399386516787388
9.907751858103481
9.536815568211814
14.08713117200402
9.109815032575076
12.186539589391051
13.680223041616545
13.390970840714155
12.751587321601539
14.668610516396496
9.940063703182224
13.637150775212652
13.637767908692053
11.255310882846436
11.598293414734586
11.93355136037418
8.254067908860998
14.644902347070767
11.633690885315
12.136012867737643
24.64779427361305
11.250373691974668
9.017765085842406
12.02473919887507
15.069558242359479
12.564718672655966
10.6503880525008
13.223645439678764
10.950979712597467
13.892915859856346
11.352291412231489
8.359037629745794
18.382516605371748
11.753610045990682
11.249065889285491
11.766486319264763
10.396011438283084
9.942785891125121
10.407721001334336
11.318448196864425
11.968583405290564
10.485203504336019
10.068906458852318
9.408247286479403
-1.8166274762444794
10.863944772156758
10.47874067117654
9.981623414062279
9.505957513212167
9.993014467253298
11.724614877277778
10.508968431527153
9.865166323974854
9.522181193823915
11.597554934812704
37.60676287005898
11.902848355302913
9.267618959601682
10.989699948524526
12.000616362070518
10.238342246333957
9.586075783770253
9.958407073830758
12.163770091573115
10.401000912513195
11.303578308183168
9.34727225937074
11.329535562893762
11.738847414402764
14.060633139038009
12.821199668241709
14.18054215343407
11.503318118154175
8.427904431109397
9.08504731566062
12.122767379390789
3.002021610178481
7.913361394307712
33.63449267762554
-3.5304333862241553
10.647890854490198
9.419096471715049
9.604550335425078
7.730349115148131
4.410719608726511
11.862820986235883
9.5436151291011
16.891018778534722
9.191314495464486
9.423684909989337
14.77270168508426
16.369117303876067
9.954416865901338
11.534363927442774
9.867668459018091
8.432206220702785
8.09735072337063
10.566227505716133
9.139782067539775
11.063841026545726
8.971307945306023
7.946947808077999
9.21898504444087
9.349417425825685
10.24675583479876
8.829361191017544
9.553412224431256
10.77751864143463
30.12474649124779
11.333189639252597
11.872513641856818
9.552972145007592
10.744183578669611
9.998677161147286
10.970034560313737
11.763072106658042
9.25658397045637
50.09754850095083
9.89459449058285
9.572410644164998
9.116351023178684
10.97559832249261
10.60342436127077
56.890516798423086
8.897098411745748
13.416123765599844
14.159430393605712
9.203677592452333
44.20397367056373
12.905460447487814
10.561164319210308
10.676967352801318
9.965550682041922
10.64716277779573
16.997974736999026
60.904884306974196
12.542101642686058
12.180281927339982
13.209110769295025
9.972432484352662
23.260345180344018
39.503869152401535
11.936800284496845
11.482356647715525
11.95899288062198
11.657519829187882
20.24712086725794
14.059221792045347
29.21799697376923
11.881687252741356
13.353692672441907
11.520417530381769
17.28072649305181
12.654930485253749
16.692754291318614
10.578249979863967
14.939914991877556
10.436845713422299
9.852382501582603
12.942593155833242
10.485327094841226
10.812583204634782
9.55310556120229
16.378412337854
10.645957274800276
11.072708286400553
13.673689716829463
15.008982526464846
14.792757666229809
10.947567720587083
9.735578818480178
11.475103917633922
14.720201675092435
12.065810526803071
16.80581937436061
10.913208587651004
10.783920640060435
9.703104028093279
10.265526213396134
16.167432676294275
11.979071464004607
10.433512956576982
16.633312844957047
7.539819056693524
13.224738885730632
11.716349262588247
25.602282794975388
12.814485345135525
11.811096216976429
11.95942748338623
12.494195697376748
11.91161602611196
10.827622717781965
12.385701563270965
11.990144080885093
10.18032975135556
10.215813257981623
10.351105991375517
10.122733350476295
14.693526246471182
12.550686088520921
11.103538067045141
12.225752216702597
9.7852282113975
10.051344131210454
11.295502234886252
12.725625462481245
34.69956421567313
10.520866320182597
11.183082593803869
9.16753415238017
11.215123630142449
10.653771010022469
10.61321366536133
9.34248205765042
27.969711577216692
14.568198031570573
8.721139768216583
25.76877815133846
12.645896953838418
7.5768093905901015
9.361454954507687
11.522662081682808
15.492075025244072
12.475100141712632
16.624522738689514
7.365716299154961
9.037048667906259
11.841002291210485
13.594646754773583
9.976891348379382
10.01037541237793
9.874081675052945
11.283743022312029
11.154792683746239
9.572821871148392
12.356902556032685
9.741567376630561
10.547610000543783
8.651479811128509
9.430822282730576
12.297412843409385
7.010377147836275
14.035608299009334
15.907293502015479
17.11929873502467
7.09004847688708
8.956740827770522
22.419819249173784
-2.2938004732071233
9.538360064022926
8.126550957327709
14.332862746257549
21.833146640864932
13.435919692037492
7.238588978980445
10.161339824741553
10.084582919030868
12.906034208707295
8.88455883651197
11.876121161618732
11.930005428851326
3.960626176501796
15.7149251086334
14.63435898435368
7.500071595272933
15.771009386994189
3.420784058945552
27.07005606943286
12.149224236536154
10.841060343800423
9.522052721538293
22.09887289780452
9.816280835231627
11.22236356331519
9.64541422038661
8.77419028945758
9.601590172620881
10.92569440838185
10.756194326286229
14.830591268891007
11.555862814109394
21.31509253499874
12.292924062641154
12.474152537225587
11.682096123366582
12.094030587910579
19.726198761478365
13.634024038421254
9.80736206495822
9.32064399904751
12.717360536223977
9.494768672508824
9.268489507181393
10.151148489295345
10.179047739338575
13.208338943172949
7.720559908743473
10.112661922804739
32.84185011069756
8.950852367762195
8.505371591251084
11.54856327624506
12.062183189915983
9.266894480391432
10.652406427636299
11.32467737664341
24.85698222005324
9.700297078364684
9.683697965275103
9.131327743707438
13.217311384119098
9.415872991055444
11.54168375449918
13.22511201764407
11.020355580614384
11.662585214603924
10.924913067873911
10.476870861585459
9.0742874610277
10.729038677020261
10.313242931862687
15.47880260892808
9.032421295411357
12.30307336983635
8.416181435093263
36.467051968922675
28.15557610744615
12.40165838170156
24.985497960411465
9.870265503383495
11.89795063976412
7.4832418225637
11.514662160870733
10.740515290484835
9.328848405261292
10.016212206520953
11.566340217205907
10.809092838914802
9.611263626839007
8.825189124995992
27.970417133271795
10.465988354248763
10.760520508177175
25.1820472558194
10.876923488762644
9.925729131403449
11.898455051790384
13.182628624666458
10.881534034248121
39.44034582987457
12.59936528387769
12.238572144614755
12.60984367291402
9.313072661480401
16.44110883505504
13.457127631108127
9.411654803494235
19.655884016927715
13.14392712878047
13.954026297638256
18.088050045095734
14.313451291897143
7.909973920268921
10.334105313963233
9.545576018000249
10.039880535736089
9.34521354452802
8.811883697897576
10.299445837728419
9.988571020575305
9.782575107376193
18.144398227845876
9.187637411012231
9.731373516046906
8.641149200396999
11.579211021265651
10.907042363592273
8.10741746480259
10.073901483789841
10.916455090983893
41.89110003376374
8.814156528489953
13.063697111257737
10.653130699194813
11.324445457729086
9.977210134451587
12.849428220984082
12.960077507513413
10.334900077510413
8.813241737041732
9.312211640036814
10.127338178036434
11.049394951862313
10.09876593629501
10.034302329423317
10.279569639096131
9.994336313936234
8.954216068986716
11.636074171570447
13.060041048778777
9.857577732604494
13.532549068691344
10.55304859805734
8.912494976972443
17.110126719838604
9.6107702065512
11.481289013376676
16.371679124838764
9.793399538594254
9.676688689543708
13.892895869744029
12.339978870618898
10.0673597584677
10.539063875569381
12.965092810982442
13.211247860927633
17.337784351964373
6.503775225965924
10.669015443682744
11.168739051929903
11.31423148901517
12.057451341717476
11.888886142353728
8.548322018740555
27.302584463395064
12.542868270864604
10.007362409319766
23.25930426542611
10.531017796014444
11.992477263520309
16.503779396136373
2.453934792927255
15.3696134381648
10.019058477748796
16.76793067457588
13.950005619165582
15.316114301331316
10.020629471610867
-1.925482389211974
10.665816471404879
8.494630894949198
5.940317183306762
13.506706094160679
7.791218661293195
7.0977773121315195
11.847489724123593
11.538246090114272
9.362506954324509
8.183040373814743
10.876751689707897
11.45378984340178
11.20358180420826
10.635233842437861
10.532318041197831
10.417247316343056
10.868109954967869
9.360720450446758
10.168279589223113
9.277080646377875
7.0197372300143
8.79251164577392
22.737956457377557
10.652280094032635
8.708963916408411
9.119784714883174
11.267482086837488
17.062262830238737
12.064511755503974
31.10281440858654
10.323275088973519
11.296006021593785
12.689778548034736
11.463643968241877
10.948296391391581
10.876179024096635
17.43586960513305
9.514548133586723
12.282073530204885
10.739626819962238
9.88377673244245
11.216957756909432
11.5580270857161
13.456437846851768
27.285124456786335
14.602161939442814
11.227394112921006
12.984783173978064
11.274864675423709
22.071928354006516
15.901573138582242
19.696070673290905
14.364764390904027
11.521083729768991
12.470852678453516
10.899901251620582
13.669876253876508
14.728552988938178
18.808364776773054
23.79464818193894
8.78622224635727
13.528314427623114
14.325489927139897
8.727264984138957
11.738305559275753
13.692027222688049
12.051486442926292
10.184197884693084
10.839589376143158
8.854272595787625
9.682963894637114
12.524888103242182
14.39638430833366
9.620586636354357
8.845787577294105
14.071130385055985
10.506331002415434
11.541618374614197
14.415997544549287
14.46214866326491
9.798629749520446
12.527732048710503
9.817530444874208
12.84320124431484
11.723120164808561
59.14754025847586
13.641134058997869
12.044918625499017
12.285951529805734
32.24077709183416
9.854770872323385
9.163255792354509
9.957779143969066
11.954555724981981
12.007970514367576
10.196733350183784
11.345838929041312
10.668655572248094
10.85048477493398
9.093391751642605
10.519303846517102
12.198950816856874
11.300280776103092
9.046351471814948
8.689439319752564
8.552120105896408
10.567784209868842
12.017463366916706
9.2687290102551
7.6611138269676555
12.802559559049689
10.406833042441589
15.458468071072252
12.454591123399519
11.675130152104513
10.728069105153148
30.425519958146133
12.723688518658028
18.20219954331528
21.03617727743248
11.66550207448836
9.795702359921023
13.85931571077211
11.72895905144293
10.53785793220572
17.869655617805385
10.425749174312157
11.236532262009968
7.995125764338695
-1.6379846692734628
9.078382577565765
9.904572637347652
8.946642341808017
9.775161670314253
19.900501842733185
13.29765319624189
13.169021894404361
17.427380637337407
16.677648765578432
11.884245900885938
16.31407371373998
20.167619094361434
11.711951476019793
11.942031579672891
12.431619250566692
9.941213157191081
10.09601986128144
22.142432613072856
10.355912278309473
16.074866821234274
10.110257540227789
13.770972218611872
17.88775516404636
12.438411225950238
12.180798369321044
23.55554389409437
11.927083408354632
14.916433002899593
12.619108707598665
12.629312163595005
9.17274897400032
15.1355088822356
10.82209578231044
11.193625258975997
9.742543003090393
11.00623829059254
11.103211429308972
11.625801077023864
9.356874117598938
11.425431831480294
12.527551335933259
9.781669380626818
-3.423185244820513
1.1962856962026258
6.38974674766458
-2.3868127102425865
-3.239949958159308
14.114238402652964
32.73752403863098
9.918564545225935
10.797439390739195
8.35608006857402
10.038518739528085
32.81221613544903
10.506195213434522
10.021265318615852
12.181433105866196
11.462037445859773
12.33313290420683
10.478941825863908
28.54227996585785
15.494733301816199
9.176058768399988
9.150738518262534
12.16008262120758
9.061869882518936
10.989279922730907
9.679778429173208
12.367999980159352
13.483174938788034
12.759997414728351
21.390442443392153
10.016609236546895
15.620006181297414
16.601181559028312
11.580429523123902
15.14035886232101
17.054500506813213
14.300501432403193
12.294016691298532
10.656110194146637
12.910231886512273
10.737738443519072
12.327839596018494
10.466643090166228
8.815888861676848
11.185513043929854
10.815908357488267
10.40121264546139
12.043163400330988
11.776188057321837
11.784680268304582
8.838901772244855
11.527049506677281
10.240646934008367
10.183650585722
9.540834674071412
29.92418056500412
9.60828813083546
13.682306206420934
8.753815018936958
12.737592214734933
9.605425899368125
14.186520527121251
12.716403790447265
10.908955994707776
14.338843647457983
13.54374484616343
10.426905283831223
9.507726065407812
10.395684532978413
8.616325050224097
9.720576013430984
9.84060956769788
11.563692733382032
10.267658899333773
12.203988041382805
10.69623429651921
12.261014902303986
8.012898230122097
8.831545658204668
9.653810817777181
9.839534904992277
9.344693492980877
10.00304692257232
12.463278761875328
10.348498909037824
9.95755430602784
11.782305180262062
9.678481237233852
11.760656428875423
10.349963241158454
19.87684774207809
10.468725992612258
8.629114116599316
9.265152463036898
10.33347609902871
15.435614042570935
10.323736239232169
10.637317092003078
9.36461807135613
10.536098137153806
13.782867954448411
9.126821190888693
11.309892972769108
11.247900329851555
10.694533875726249
11.90478181224678
10.909415917021521
11.240277779117575
10.703310834143279
9.313533776065844
9.743927505916291
10.373448823380889
12.420042580123594
12.881923800462653
31.845128338607317
10.032632145997063
13.605786991982447
27.932656120411067
8.924059223229243
10.15927458532735
14.578891039471655
10.587901815071115
16.934516316152163
12.959685984561306
9.42073411304718
9.846916468548484
13.205248944427028
11.851112061223935
8.79802018097319
10.30601245996434
13.10718513498089
10.398851487099224
10.05926780701504
8.857495474482054
12.228676465953003
10.718071801804998
11.565127038620188
15.161293171645307
13.022246800307263
9.728719017089224
10.588027354205833
14.377827522356183
12.702082719379481
9.514703001463538
11.068450298859654
15.60326241562007
11.112241408150444
10.479596101990092
16.11457133215486
29.23376811641058
23.83137789345485
29.57911276825395
9.736449983461101
9.678852966649787
22.541179864150727
-1.552523946076528
10.360766091552625
8.797805824115107
8.217537060414687
12.5979497952067
14.521425579170819
-4.462313687871696
12.65085000817965
11.524298327032712
12.99781865036149
10.914512438620823
30.29422161304241
16.415294597597708
11.29672686226944
15.753539068497039
10.153302988286455
9.008377882441978
16.193164352753357
9.888128717979354
12.994045478142235
13.764936422621608
10.935349606566342
9.97955576714204
9.371589943307885
15.753356664769091
10.463821547910237
19.367957721678103
14.09881142907419
17.38200135495366
10.390474063182326
7.5671009858639415
34.81340115878154
13.16066482152152
10.776755101964069
12.447815889032467
9.277612660505888
11.947101860856423
11.491508868874126
13.350987354452672
11.637327757000433
13.376233698697616
9.554088715539809
8.87612320666953
9.196074486479732
13.440062993305736
9.832250041988134
8.738934023624115
10.415386758493762
10.297494857435415
9.926794979811989
23.35200937683922
13.011926403334384
8.382990766685104
33.71991108269822
12.529499254612896
35.109990208160134
11.097671658080186
11.592620214626086
8.55295660348547
10.339015146111132
11.198192148529744
30.121884135064633
31.08690203271081
11.27820642055793
32.087990477075294
10.680109405263478
11.732601572663471
13.580172918503129
10.919008017264877
12.236730802487548
9.692621894058039
11.31747625118277
13.89784811182943
10.658282293472856
10.164836041567444
11.697448876180976
14.919330252458353
17.04685692866672
10.81717191264194
16.851646898126127
12.171896668970975
14.628327156066808
24.427141152191552
12.606588357430207
11.994023041328989
13.028363149659898
17.53959383288452
27.700788762574398
38.306651574319005
10.277366680275469
13.999498561349947
12.443867423448888
10.166534253198371
10.335159011870838
15.386742126253898
13.920020679537474
22.986892853589524
12.401199059918136
9.62168629559774
11.501415768438227
11.05431408877992
11.020127552622805
9.87523391692178
8.43958015096547
14.43642710011869
10.173545719674063
12.660962768335454
13.269928519054867
17.205694989535196
9.615176195430132
12.220381065189544
12.617442337105258
9.979840111416506
13.55223298346725
11.614795118870683
13.27817297681784
13.617352600887179
36.30989921825761
13.283248117706096
13.067246001577685
10.987380855131805
12.513505953539019
12.711298685548835
11.867984706627306
17.517808323783427
13.708050804142294
9.28062332443118
11.960983902364452
12.749177968057742
23.733873110131427
23.32988000727331
13.470209596237565
10.152446545574362
9.822033072315348
13.136929781410982
11.594813092680516
11.819225596549549
8.115319946958014
14.679002144751573
9.156313047225206
9.48599375589844
11.229042079067417
8.527874302104646
12.30214034030166
11.073763812552043
8.739475495962134
10.206934756162328
8.602057724403343
15.204314694808415
12.407692655861402
9.958255314921571
11.077124985170768
10.624602590338432
18.81644592418393
11.33403977137184
9.730054034016991
10.191005818502465
9.21250618266209
18.347675802783257
12.074788207210249
11.245546459773832
12.884475460778857
10.848845257929684
12.222702084176534
9.717923065051906
8.994647608875388
8.674321579898132
9.09664045475819
9.551717952761058
9.957988972784008
9.512400541275227
10.726400323795255
14.290360176913483
10.053378200440426
11.883026736499668
13.083395626933386
11.843213321262335
6.376367332631425
16.383981683506512
8.424136152609174
10.89611236441901
9.470681487993149
9.85273791270053
10.093969087888158
-2.395128409642215
11.186780533565665
9.637032726761623
7.976426008101615
-2.4077038949108247
8.306872809343767
11.593176358421411
10.292739405548213
6.8876803884998505
10.473949569920757
-0.7445450645906142
21.216000178491605
10.020281593291747
6.110403987831971
2.9390867321177563
13.39260973210432
