9.012015932740052
20.11693685361643
25.090537865047196
16.668647679905156
27.134554739990094
15.052437179716597
30.531381451871972
22.799206376393087
12.623181105125665
22.046577948092512
7.643064058412765
19.12820968844789
13.304685755443474
40.5711867708265
32.54343532514421
21.638981069612306
20.83768153174669
18.135158866556644
21.46096965577813
23.506368829458204
29.564322619425063
13.944825656578127
27.19948728999656
14.720009441455227
8.830363005992059
7.9176336036201125
85.69358131703603
11.72283991728357
17.35242190064986
25.969612650441732
15.519497204776622
31.564146175180035
13.33871436914905
13.28149749093559
24.946027839423465
20.81886707997017
12.690407649132903
25.327934959035957
15.723804090992614
21.445072449698984
21.751570514666923
6.76802740030125
10.91710534423933
7.692135161635084
6.333967225380167
11.75538910584937
27.979337473605547
5.918481043472154
22.522983038582744
9.683015712657667
19.591784868805576
24.185148454550372
21.58281785989419
16.47658111346003
25.711272583654157
25.52125294551834
21.415012833478343
30.06300089156906
21.0775369745364
11.884039231501715
10.392435635577504
11.954757741087809
15.496089076449225
20.32311949667922
16.80585902991777
17.269743368366782
39.2437489835593
8.700239191166038
37.3111038956429
11.081890124483644
22.896410307290658
18.078363496008564
16.993789810656402
9.528099485457785
11.810473351878
31.917567777537442
13.425397637612408
8.454374201011015
18.16134450415383
25.355346056176366
5.997556111576724
12.878516893835934
28.626786293678727
9.514503188209144
9.060288100335795
20.025365751808877
26.486211592555655
23.122426873851005
15.595042965231835
21.880802871019448
18.906099301831297
20.396178064998843
29.088454245428096
17.32492464043579
19.757710397500972
18.482233125546728
12.165099869154458
16.72535418812336
37.53327048299005
26.57002720716649
14.724857527723296
16.077810818471434
11.080149357063133
25.079052487473433
11.199105566894263
16.131514825110052
13.708542172694917
25.534920351508667
9.800472864562463
22.856781509596573
15.30275478172488
10.582077799623184
21.927840339707224
11.277578648525962
5.312842356685001
14.138604774536029
22.290143519258663
15.08124945819882
17.12794590126495
14.784154889780487
9.445615027952512
10.885599499383206
1.2422150702261998
1.7579651248690737
4.4236203382981625
5.190191967219496
2.175481650809032
18.94095077253168
16.667715166490993
19.509439778155503
26.48361683715474
27.72027466154705
56.14559942714895
42.00118911225722
29.822620510210037
11.630453041636303
9.224686372546495
5.382474970917391
19.428429407938644
10.775058388264787
25.726265006929395
21.845515032483675
9.034823824571342
27.202355079708944
30.192666739251486
28.86995192634813
13.946630387492851
21.843072184951488
8.502996029512687
8.824037727167545
21.928443389080044
24.691186406583746
31.002518676945094
17.53619339111019
23.405199313921123
16.881208237020118
18.183327746966768
18.11429811921675
45.91240491699912
6.251733415726745
13.949283225964583
4.439846932206738
18.983741418643724
20.60202241521783
16.64977481694517
22.180159073124315
19.53678589270495
21.97568595539186
26.189076569129746
20.137040223223572
15.900194105079871
9.949930716324724
8.214547096527696
11.298061817768469
19.476557227920054
13.703562066196158
12.47169268254664
13.58747354428767
18.778674980716303
17.83860006694716
16.45351220881576
20.117298400828005
20.094586117089065
5.246566353818402
10.170778230137799
14.632517038514015
11.227178730780212
30.290657655627655
12.43372533312421
16.782357377692094
16.353482309330815
8.589900143227664
7.720721961680786
22.512156931914717
14.468820660454094
13.395897733936339
14.549804936135915
25.443198030461588
8.453731307615321
12.367920066323409
14.291363995944645
30.933760386864435
15.303384759698366
32.594173623394454
19.86926742024238
15.83114935922922
17.037164729267033
25.688615956069597
18.76361823270848
22.97274791495507
18.543034513181
44.319379806021466
30.987089869515316
27.26346220324386
38.09519080284936
11.066709673215778
24.454692211436004
13.865213177366234
29.340129905284023
21.854680126212777
28.095655150977365
9.472646170347142
31.615068550306056
8.776816308128515
16.901596475619854
35.3389873454222
18.825681347118966
86.01084336253312
22.839185371520777
19.58398943312705
15.657722201315233
47.34477033621504
22.10842514542515
13.983049311093273
28.84325336412141
18.493130397603046
14.214328327711941
13.92979730434642
12.618040109818713
27.336688287358882
6.991891523103577
4.657365758863001
14.235608829693073
17.18659804603508
18.638607021947735
6.449333733709498
21.162951485179974
3.79444259477083
21.017431902570237
12.51111857735148
17.630489862906884
11.158651036626638
23.455927053228244
14.112999905613082
7.688454740005918
27.79928100726856
161.52118611721022
19.24361595389422
13.939800590745827
20.736710354656473
18.977065968624935
9.720810615554944
20.22726408635777
10.28849738434273
21.839000977769437
29.543321082790513
19.5030949061646
15.941576824390188
15.570252508267805
6.9093820462125475
24.24154288322333
23.515155204931595
17.094510506754396
10.764280833703298
4.822301876238354
21.10758168396486
19.413117479506127
19.417287002908047
16.990031654168817
25.617528896387455
12.873073655185289
50.814669209597845
12.283038058608339
31.3938461532857
23.50120628225534
17.875871784086463
15.49022005904668
17.66682226061768
10.032419090458356
8.93771059520056
26.882931730298907
13.003075553602487
38.7197230369034
7.723591181006393
12.047084077559235
23.377469607332714
20.97835378589383
10.898902448194443
30.20443579945419
21.326270929734463
22.450174357211715
19.163765334472593
9.862598339778641
8.828167334098582
8.041384317587502
27.209196371548202
13.653118833680358
17.006757401123892
27.303767886828787
12.95460188075941
20.568665116838957
25.180865407728476
7.6676069813465855
12.764409552060064
22.39798999621368
52.488321347443694
19.786437224512177
12.826134243086008
18.96077022502621
15.285438845938012
15.415137948635445
24.2436924069779
41.71437687423128
38.35653046328049
17.753414688630265
23.676529562389476
5.963119270807946
22.2137967265988
21.06256503689238
34.06732838082556
17.069918631574346
33.93123378330683
25.44905748050791
9.825988852014783
18.187644323704212
23.604878339634425
14.229608853942684
7.650553471146983
12.591915902301006
40.583006222371424
14.361639264166163
9.896693648383081
26.31193438516206
22.20942842234556
9.838954936184516
5.397985054356798
9.339139664464208
16.7070276704666
16.422351006452644
6.4693867138634555
6.066298898248627
45.108325526080435
36.96358546416035
10.916140262840416
7.876491742666127
19.2210033966265
25.091442618024217
4.965749644096036
5.529732145964678
26.472313708645345
50.4689785161093
35.986024035239886
21.94382819579934
9.198391344139276
19.77985370565986
20.265556828599394
15.73893254395873
9.257196141007121
20.021561371357578
6.5658743737316225
2.0674730738389755
6.59929364375081
5.972933608608251
7.794290824361564
12.247688780393903
22.99578639128383
25.8126529073705
16.643925856551057
21.09446180505543
12.844752731425507
16.54268642903535
13.277015232064484
25.1852963713728
28.889830990307864
28.13260942286003
18.33830113350907
23.22410515597103
17.190382500544615
14.613235097100764
10.562599873049466
13.753291105468586
21.82506805699996
19.28551693899582
8.851051306845367
12.901400075794593
22.417204636715525
23.636262832417387
7.304361090716421
24.081503400270257
16.724919180647568
19.146016475107395
22.844279545032784
12.437098140729104
33.90834184982806
15.833556777050466
13.684297650611809
25.02431401013142
29.592204617680927
15.874611341506418
23.791419672260282
20.134896486487563
17.561085197709893
31.248824138706468
14.411131308063927
20.14622640225989
35.464919864831536
8.503129319885511
7.58202363371139
24.984759143561583
18.441951159181336
21.71602300759193
27.153656553630135
20.4263562391857
5.909297538635229
12.677131322277306
9.071477425699804
28.690242813498195
27.66710521352561
10.779409980505099
8.977146606692799
14.224509712192342
14.510682321389458
13.542301786150892
10.061710233174205
20.834483711632053
26.39688295740165
30.51242486875467
11.387235313133255
15.963540944228127
16.522802598793795
7.533467517233495
21.304276773982103
27.98115684504532
14.260279379408294
22.99377389766176
21.50039300944981
11.017661513286145
5.041995855675275
16.9300131027952
24.82149769409215
14.441950996027591
17.39922986534473
15.321761686909918
7.5292190461736315
39.918830549897876
17.204275417095808
18.422689039247388
16.832098033840012
11.285342633636978
34.783133591483505
21.15086332852386
5.64151486885118
20.567681000559936
13.512656426329707
20.55100709902824
12.33196391526918
17.65551685668494
20.52150797360308
18.843550728003926
17.05620994981942
6.107684140956799
21.242206870484672
7.353987338394155
19.727695933022154
15.878718083376596
18.389772252954565
8.074835477024013
19.233022141768743
19.887958938485312
31.790708920070898
14.731724079825392
3.505532227421268
29.284161479058554
13.807420047710972
10.97469914052843
13.228736695668308
8.957732041014008
18.00486701638758
26.583166533509505
5.051391374771708
21.91017039992341
13.026485450053856
21.8808064934014
27.581577560557328
5.540243315063389
25.733388815813186
19.242077713491085
22.831066442432807
46.087872997305745
41.53121179479041
68.47956219589165
3.1305043038896567
32.163561559110256
7.336831876538467
7.1518029560693535
4.104377385701753
55.587962180675525
41.525460931049224
8.32883099671462
8.784976915989985
9.467465081144114
19.471536747277455
17.100203641655746
27.101059160428797
11.247718492180015
25.562895008127967
32.87273495183472
21.949057324752637
19.77154286526727
7.737932694707634
16.332656453646727
10.409573427737017
17.256934140944452
33.4665154931634
25.4847494767033
30.112553551237866
17.615596390299146
27.040112346852048
24.403255734749152
25.13434512557388
26.015879101291816
17.191422853665635
18.954777861170562
15.886534438726015
21.137256123602995
18.443707926483846
14.50765617175964
13.185497098463808
22.844457399894914
13.660204474894135
15.595070209682282
16.53787136434105
14.398250748090986
13.41399535056126
18.93003943720504
8.975264873863532
16.55757773619485
27.217523105277095
14.103704782604629
15.643998070542908
21.366258517696338
17.483758342211246
28.502671213227394
10.336049842772452
18.928220625277866
10.877198074198633
17.925708046431595
15.199517494680164
6.46219059921601
22.689183646979522
12.591094163067448
17.229970773410997
20.74565673970733
30.80062513678481
21.840889454298555
9.089594730023487
13.463364018100224
13.824655554201426
16.80291119255851
7.986074545879241
27.912314562621212
20.311803744494483
33.35281020085553
12.870271605042108
34.07967649472339
18.769829086081153
15.809385342760757
29.359196090436384
27.84737938987527
28.03822307664261
24.309854821859943
5.780875230186201
22.845052257104022
10.093335435423578
19.12988592274337
19.0514529999325
20.745198388630754
24.02568061154625
24.989480211417032
20.18932151978359
21.66569227302179
23.483912288510894
11.81104809764865
18.072697307871124
38.30785190998976
18.16897742508744
23.508963184302694
12.22932357011153
5.660798712324363
27.93174899228123
9.972608155357694
10.860692888251839
26.171473908712812
14.076630281048471
6.839272572373689
22.341015583736223
29.04058394876303
15.307242541444387
17.08141392539092
17.505092339649906
20.39886627985031
22.532001091232395
14.033325787048641
19.183786223619556
18.922451426525825
7.790581705852373
22.632768577334332
9.211408497030044
16.94701852695067
24.629182629169065
7.086259619406571
31.587585601624
11.648255217478189
11.525622191453285
18.145340574685925
8.166850737411952
17.654670006932953
14.955696065427448
9.257862954253769
8.632560807724639
15.376865306581761
25.123001848962573
2.60831495958435
15.023152164064966
13.740782460967585
23.582558282725273
5.774268541688807
18.735337077729568
45.38109921509829
46.72157901126737
17.304144116105938
16.062685920809955
25.672170657162354
19.902264927951407
9.792389563578011
17.800611542224146
9.69191828383786
26.140343432472328
15.021384301236475
18.66829816865433
41.843113436872336
18.81370251783604
20.533825055270583
22.92285452370257
24.96659176503112
22.25832682749303
11.52450669642519
15.952029014144143
12.289847176477581
15.367879643662226
23.07441719132762
21.900834411686304
25.101501219740207
14.065191845543447
18.43378711102475
21.572405122872624
19.07832812748154
22.86683010187314
51.61829503274722
12.222129451147682
13.238133582533782
17.5891636774055
16.4475649414536
31.765473753706836
28.302258351332796
19.0637316604398
13.540156534812455
20.12145170455105
4.663520785178587
19.8721672967854
9.52874288838525
27.499195004678278
26.161841189900642
10.636434156059211
12.397214556577959
6.948000761909514
18.38414377166019
12.151647275800348
9.234851136952514
20.986390816030614
8.859349570232808
18.778889001178953
6.5988341222187525
10.06811801903652
23.77531155239307
21.881000946909097
8.040116372621755
10.579342829040664
14.555157011823484
14.565011531890955
13.096009516163145
21.65455892315034
12.788665606210047
24.707840596208065
31.973287833187477
6.114384966827917
9.312735890512545
13.531724134233672
19.34406227359696
18.067522662928482
15.988298942755987
19.740035623010044
20.40318313851121
12.58233098004281
25.210985261092183
23.56509555685586
6.932905058822405
32.3569123541965
16.613821878885915
16.271888755330536
27.201981232628235
25.37729142400716
34.5461601795662
26.122559025225947
25.449837024961013
17.662839719971736
22.07873196725413
19.428376739823506
22.255322365598474
16.47279820091711
13.488273520372248
32.6470467030251
10.21767159568783
51.92088023414795
34.929032080693744
34.35893726661207
13.56557376011252
28.428851797615586
28.925868274113256
31.689616739203245
24.414908915392942
21.078574846816196
21.967446181287002
10.046906586156535
11.575420751709002
26.310030898022113
26.211335158704443
5.703244436160878
7.0316826917006985
4.402118849438425
23.853314222427592
12.943974536289394
6.676933140924664
36.145858068242944
4.193465965050876
15.657614142984906
3.538773724195625
13.322089252900815
27.26394791641536
27.435031150159496
14.415496920583957
8.83465721440351
27.944562373315087
14.587706671896596
8.406365223463256
34.94566733244243
6.065450650753759
22.52310928024969
11.747814933198901
11.594208476180905
19.4457627634186
14.296890448694699
17.364697440175775
28.96355034004582
16.15960242925633
14.254773137440738
20.519511240045475
7.008907877938897
24.286955701743665
11.281792754251521
9.75777102766453
22.197007442364345
21.36914032079779
18.5640909634306
6.86485741830491
25.218683297617616
12.026760205864571
18.600364035621404
9.759980086051364
9.551879761331977
20.72976672233051
14.990781454240059
33.93171452903211
8.950585600908607
25.132093031858453
31.435759275087328
24.70694645624898
18.251552119638696
6.087009057082431
10.398602029482989
4.972125892923744
14.279010144764522
26.035401669079832
17.602468932568
13.941871390098866
19.351625827698264
28.379994622419886
22.19168184598066
11.838212139380014
10.791043534046649
20.169507360027765
28.340956810750875
13.280797481318656
18.49456121003903
12.415897319140464
12.50635374732383
39.26011430916691
10.453378078101876
23.35998023856915
16.830997416030243
13.958166601747534
10.5850335011267
10.17823512083677
13.053333299963908
30.57633636332681
21.48500622200644
12.843133193195884
19.616216554344795
21.965815850501478
19.0204662876801
19.03538489885576
27.80697912983493
23.00128599739795
7.301910451645412
28.599554803158583
11.986586959381698
27.805296909320703
14.282578499058745
4.859059657204451
29.97318326939012
24.784094388955282
24.746343443065136
17.015732165167556
22.80587597115764
31.768296334494025
21.407021684937916
24.291815855934537
6.090119546831808
26.03367476996467
50.4794842867916
7.671974815111222
13.648245017485776
15.28365707285167
15.010641920195999
14.898834942593412
6.392042650162265
12.91449097986388
12.26483026852589
32.99471168142873
13.526052354202958
24.88582242242242
17.48892813782212
21.241528980601288
12.526296222329693
7.902396602377937
14.349332511247733
48.822088226420206
21.36781281365031
11.453578786414402
10.818189772125985
36.31623490424753
33.58735248131356
6.422347394625929
13.713366356170477
17.840802601065967
26.876982405005215
41.45622906823902
14.51014299017635
18.748576157204838
24.87292288153803
6.885791948772697
7.965339906743875
7.058883171788523
6.901042148968466
18.93913967099416
15.68341777496453
37.222959598880934
23.74418878283273
17.892884701797357
26.54489965269594
6.252724619723573
51.35800568031454
31.730569500543602
9.28020130250594
9.201084392114797
11.534515830021862
17.36150078122337
8.037931859435163
14.167665253917226
15.362269050842142
33.9219785908259
33.09859614109264
22.740880708518432
7.577814665144091
20.856680400457556
12.515112304105058
16.42617934384195
13.573902034045735
33.96049750710451
18.184949557593377
6.626513577195578
9.23359631622622
13.547691317755254
22.78398593173614
12.787077431850589
36.15839876500066
5.79024639441719
15.955629370741237
18.397098954340912
15.82507021781115
17.91999294253155
18.326870095127035
28.866138780386983
45.787485325425045
30.722052155473428
24.83386467063152
11.210934299182304
40.60621401338068
20.106176728656557
50.17925966303282
13.975843032415225
11.883514961666462
8.430660763875776
21.02550351382395
20.297676194575736
24.725524877465347
17.710106260923787
12.289065842624959
14.606864232631304
12.340935075239758
8.168252411813722
5.5286769577686865
27.21271321492123
11.48706133856311
23.212446123937852
22.261674142192966
20.77888432100589
18.404348280908245
13.65570168326345
7.184289879576843
18.911272032084234
20.156941379826485
11.2054174912285
19.118430187125988
38.68436406603824
6.790741373588217
26.43878261458604
36.70532829636542
18.437846058323643
10.001132949253568
14.086677658864788
19.22671338409574
32.899426584312714
14.1945929009245
32.98931713601254
27.186274321328774
20.325218935444234
17.78945290962497
7.259918343380249
15.44982359248562
21.64971933341947
19.7061096590592
24.71645375090708
19.775692556680248
6.339927160205093
31.113407606352567
9.241002064958499
16.10683177515022
19.189349800152044
16.002698308257578
22.899038914497318
23.030532654629596
6.886860264015727
25.894966965431202
26.911265222343523
13.03855516164416
14.436062201402722
11.045998414724759
13.20420558624006
18.23737340557556
19.340544180143127
15.664969859586956
24.32263880270768
31.842402160264115
14.50096261324804
14.019513200629556
15.184642717055352
13.15775506015189
19.302095653685157
13.489481924302686
20.372053060481576
14.011311562364357
15.179885952329043
16.4140089316624
17.002325409955432
22.031277051917762
14.552404077873264
16.474166199637835
21.77716229184294
11.46702700678843
13.08523895174521
10.507513295606286
26.818594764129557
12.351759460855794
11.793599515113781
29.994221414697208
30.376715989102735
10.89814877246606
16.50963509095309
10.088159600000322
4.1441443692806725
5.3463937949722435
7.049304096862645
2.375001918132165
5.640989260807446
17.448096496425222
51.82647442683728
4.624691602279418
32.400590691672576
10.274615172669959
11.450829808494708
22.901501073194837
323.21467745144054
23.769277544380742
32.81257422599571
20.869695534585873
25.360677633248592
28.583489176808257
13.594873370144052
10.060949978162853
12.202021402270029
24.393366805353743
13.676411660431695
17.871880587263682
16.91144595391433
20.69982622094397
26.918584975140227
15.183630671563224
34.21887658360437
19.11996214000557
33.880564479535906
22.462362222849663
20.82567119461752
26.383597885732527
33.91528830258524
23.884146825447743
12.495520257642573
14.748612824203077
21.54921521034798
7.98458408612518
9.772244334389587
9.027199097522297
19.36059462075813
14.361927161035853
31.696266987319966
31.438598083289634
7.637756669971315
26.261703617313792
5.980312206980413
15.104816644506675
35.4920431668941
10.478114598298065
15.595872655117121
23.302635718739346
27.922313360618958
7.123169175211215
13.65224801069675
16.898950130498832
90.48088924059073
10.989443045099017
20.007572973073607
23.48920751766248
14.265176990221166
12.433873298881663
22.12495083640316
15.938802831736323
25.300791758983195
20.135030489053825
20.650881957807734
25.94942108331525
28.805775947485415
23.30789443999874
23.944105757922372
29.924658338954643
29.21744739086948
14.176744196495685
17.970029731384678
13.829217279491422
18.061334407671005
21.929614944810545
14.961609142373506
15.00413796373598
16.79927258375111
14.833862942011292
8.289954019097502
12.23608989665014
6.809871281414541
37.34553363739004
13.435956610976193
15.08035715049333
33.377660610344265
7.291729221849794
16.7485015503645
26.249493459954778
37.685584386558446
26.26285885373776
6.331987019674562
28.133155908932956
15.403447317158859
17.957433900081888
52.845127885570015
5.851791677245847
32.49339903020701
18.581466897645043
5.029053753557822
27.088785668895312
8.061970198963312
18.75024403290366
19.952701925313683
10.902118182324594
9.132792842244564
7.4985270100722285
12.66886675879435
15.761431068446752
24.95085379186915
18.70825097719748
39.91957472073296
24.659939557515635
10.980737706540195
31.710734208268235
31.49142375234272
24.832488020900577
5.459427413901217
13.43205096146386
17.92490852452478
20.199539494511924
2.8712223367277065
13.820584080112985
25.96260508996653
18.53556071264478
20.618307002278534
7.315317869369213
11.68144609241907
19.837044779574406
15.865972533625738
10.544774015536257
24.52431373989701
14.251998674172858
7.558319374156124
25.344731534019992
22.047971026455457
7.751985043318518
33.74380307817542
20.70783570274603
25.164573954218383
5.765803523122591
18.890798385670237
17.97607996851545
24.397454958569384
13.508845000563435
21.248604768347136
20.994926585194335
30.972353788539344
42.64213395125149
22.76595724524074
25.236749705027812
12.392353685326624
10.296298379030766
16.662383347714517
31.103854481650963
16.70931901841731
18.17238560850833
18.697863468708867
26.79114112990242
13.182466861184524
26.962824502959144
5.476454290678186
17.26722966113377
14.280267479434789
18.24554255919854
19.547074528433434
15.695464297058171
23.976022423618197
24.210270518101403
5.705802824715354
31.607498208439083
156.37208316244434
27.796201361667165
33.714551819612275
12.830531532137124
16.33794212315692
77.51584383334794
25.70563783854373
11.251016395368692
7.04450196923365
16.895750679707298
19.629939536454174
27.04821416243633
26.176590254436036
17.548524062044493
21.68874270115493
25.6476546627675
12.683399788144696
21.569176294443068
5.759790956846004
19.221493175548126
30.667198011825725
14.675585542979176
14.442616658070603
4.985212122120467
18.6967462781764
10.491545156078042
9.19360759112088
10.21860956488605
8.430949715591494
14.273078429024855
13.334340732443527
4.631147292657035
21.021831632161025
22.601301162971787
5.659134653239306
6.54332752979805
17.01560949343814
7.459822538354977
29.277600701365373
7.311746240801822
16.028447178130413
9.494354164303873
13.832997697249043
19.727272687181042
24.190094172950715
14.640364802520713
10.859777464778626
16.94651664657308
11.371259410039366
23.9186668432083
31.472366342245422
10.309241777821077
6.069528679113576
26.247120645091577
17.763282028000134
22.273327975002324
19.520349259164433
6.70624561033209
25.574108289948377
19.330220666726007
23.031459854484368
8.036721698975079
25.879547508848333
42.16929333414882
25.637156054457222
34.493049293951316
26.92697182498687
25.33498273884689
16.271729946150167
27.010770135810013
27.00695440733101
17.461067959073
21.139403247489128
42.962796116326
8.596677863815076
18.118762200191625
10.163358708363084
3.7520620166334364
2.655458789604861
3.6389839524564582
