6.693762278033503
6.838814314112564
6.610988960086538
6.626613372391818
12.0590469627698758
6.3007538657013855
7.25171670457334
6.159577331869166
6.838732692519829
6.390616652362784
7.031999957774594
6.462326499985535
6.905883100347676
7.304389880569724
6.2836122702395345
6.265769673408426
7.183053014065309
7.566826770125111
6.433141137455718
8.804401429879508
7.038495901902278
7.147670253134894
6.774748492991251
6.444440335584043
7.724462324366436
6.527330574468638
7.042260120441238
7.87361111086597
6.444700155758397
8.509604654842088
7.300770481367702
6.843500391936804
6.66676247863942
7.485941769030031
6.494919261594237
6.005361660214434
6.73552857192774
7.135029254603415
7.098451373727423
7.065586283028842
6.489566725338621
7.069567086039406
6.731059721465493
7.100455384351678
6.526850796282474
7.558726979451343
6.981405657234931
6.146941373443958
7.393111978244821
5.872513562958602
7.356360062759414
7.827340007772193
7.672274528868976
6.964608025095164
6.971759771554959
7.614432300318448
6.889527376468326
7.294654882031778
8.256539805811101
6.726618142926329
6.5380659844903875
6.635712374012969
8.111339047013448
6.97118973761244
6.583289236941957
8.045592048461364
6.43669684330455
6.233115223000393
7.683710055723611
6.164160059897972
6.8021676859722895
6.789917661389447
6.594185817167687
7.469588928842194
7.425248501922682
6.164772541737089
6.715410077950007
7.21801990712863
6.505048552688911
6.723870518214017
6.825138295388787
6.867411684584102
7.052484264194471
6.96736840762736
6.839598748936601
7.158257689831675
7.752192807255699
7.078611980676034
6.900009528638205
6.960465467683416
7.212195221667755
7.441534905457072
7.648222099895088
7.616018354817795
6.795374112070601
7.090832122196899
11.5362365850361253
7.140354114356447
6.681401375754574
7.0971900269739505
7.671122934199461
7.07063534957096
7.1551914535078085
6.659350502345008
14.937989441183799
6.5123896759635445
6.734722142485901
15.513062082310249
6.573741664950324
7.50193665594926
7.198636048732068
6.430160673479503
7.060211098234438
8.248634638088404
6.448388781515526
6.731339244131006
8.047793948956649
8.03554127316739
6.422091520282331
6.4279527318069345
6.454276807845819
6.591528413778331
7.014767076329202
7.675829045579912
8.485297224852738
6.7058302522088935
9.243629930499369
6.652833426432728
8.454509846531835
7.4648720881066
6.257937748921472
6.554689032267627
6.205194989029382
6.209352358626839
7.295883066317042
6.204365602546099
8.195110283427358
6.513532975771936
6.951108879215211
6.28901350932453
6.968361421274061
6.778535437803838
6.294619666390744
6.3321353032105145
6.874088192593834
7.806091566409483
7.314402410949742
8.109853100914503
6.499740082267903
7.071794534453117
6.938116530482608
6.3164266685150015
6.7882514131706335
6.968512910296781
6.368089373960986
7.002966617177347
8.038861400956419
7.126276850947031
7.153813234030285
6.677764663579141
6.419277099416217
7.165835492090957
7.49600250717093
7.06907408491043
7.606025287396617
7.12145675121714
6.7549984188383565
7.2110937774290695
6.9061092082555815
6.474382439852581
6.089861676794114
6.610303325541969
6.843970948710868
6.675154356694035
6.638136340078133
6.5147780169278455
6.869582882572724
6.437172097075361
6.365791736239368
7.478666947111484
8.024465382368552
7.031483740655956
7.389314757479707
6.788320855568054
6.610915602027307
6.323519718703764
6.792609375112687
6.213874219237191
6.0414358389366
6.691895329201816
6.741319971808042
6.390192297465007
7.372335281295347
7.578407121967353
7.153322033655064
7.700888952104116
6.555765357182935
12.0192725569998426
6.929976693989181
11.7830549231536899
6.3970181202869965
6.692978625213967
7.409313544688365
9.12192196001882
7.069552384446628
6.677187875524677
7.065383816603969
7.154918208339514
6.880581878396539
6.258216862836194
6.831616586497172
6.882815373705885
6.442105764056877
6.816412917698007
6.879845299365729
6.587930755336034
6.66617378118816
6.739539656977465
6.919124244172497
7.257357945858392
6.331256324976111
6.073696615921216
7.505043882222209
6.7866616128862205
6.77893754547794
7.216820983288292
6.246373982295713
7.847802719967759
7.486567311944579
6.780171415674238
6.924116820610095
7.4101669399765715
6.546984700235125
5.6604304210912755
7.1460075426453145
7.17204743255785
6.778198146035597
7.497112807480564
7.306483491049308
6.217296723444807
6.623752798204268
8.175431432569306
8.308159824083381
6.536908541748688
7.446203215996131
6.1835402825846435
6.772386909885766
6.8743214057753
7.855699048972898
7.216855527111268
7.192529054074729
6.414168715259784
7.17380068652078
6.838256492840231
7.001072112649573
6.072320373716998
7.660490096143821
6.358692216474587
7.807583834448255
6.50993914507292
6.950972856019047
6.590513998213074
7.326210743626004
6.787280202717125
7.3475042575855305
7.183360742866368
7.521366923285497
7.123448277679517
6.514781781926616
6.995665509101702
6.520022299200197
7.095734924058342
6.618656058297766
8.263007231519463
7.690062523246352
6.569825276160458
5.8217082460784075
6.84830166974129
6.992567613088497
7.463693557433527
7.0229801595245736
5.93276294750873
6.268242556911086
7.5972763746868885
7.3392529212825295
6.600227373533286
7.373872604231834
6.763540671443801
6.9817472814414625
7.080849725244256
6.912297490565033
7.0418947079058904
15.571233181886443
7.873350751433167
6.5804382217341315
7.821919899796608
7.370744547717969
6.222223309344738
6.862569573094028
7.139461299031476
6.586592002816931
6.818498197603409
7.36629366151949
6.846831568079222
6.154847552729521
7.216860675986438
7.411156723583331
6.966821706052019
7.50828020705662
6.90328590884896
7.221127621091711
6.426188850912172
6.252920742126108
6.944646493124083
8.351622024479623
6.736835825005117
6.55737665493473
6.676249134464247
6.447340438438873
6.803929325462185
7.016791998961859
6.960767802087645
6.283277203723528
6.843741961953907
6.074650768559545
7.035624075512666
7.977215740362676
6.812913222662548
5.729518820096058
6.968889765297231
7.886769048744536
7.4144990801566255
7.657881556983287
6.6322543991492795
6.501195188893441
6.3154153203783965
7.648867417180168
6.777296885809737
6.790831771709667
6.301178431956323
8.216225859866555
7.499348008779195
6.658884111626023
7.5468897376217265
6.786925604981885
6.65939624470625
6.23056580704316
7.189201155398628
8.437792549168591
6.355432295845191
7.38864162836683
6.368477022973561
6.618953443875023
7.931392751083604
6.825245809881156
15.437417711962368
6.730856170375718
6.886010099011282
6.772826339500678
6.950350813750306
7.216255828767772
7.226247995053445
7.066144452183824
7.652008601147243
6.5751452363689955
6.628716264813588
6.575146706200766
6.736726718796991
6.475162716000716
6.9655970392063935
6.325295136686854
7.407416153938742
6.232603355033131
6.296433677678592
6.91617139875546
6.933653917828123
6.535123204622687
6.769974285146153
6.587884257749392
6.7475191245296315
6.617562680554353
8.437046210871888
6.728118866538671
6.233828288114916
6.855596171572481
6.587404070520273
6.475680452235313
7.195723267396098
7.349807603591681
6.62609180599706
6.11132049201463
7.186165385484799
6.573691786086106
7.102370783227654
7.822733157535966
6.406642513461775
8.12534842786179
7.3541115640602985
6.6722421453297684
5.816320909263064
7.932038841325842
7.381190874047312
6.459267242961361
6.849171915935728
6.287656616846093
6.865520205031582
6.700869267932301
6.961299431484518
7.350468953392868
7.069562829910294
7.070549605096132
6.930694099089698
7.686266311966313
7.28824020710921
6.735154879420391
7.8109536238109145
6.303317727148706
7.50030245150544
6.20718945787408
7.027132054469809
8.74314523954103
6.90812142251003
6.59138687880339
7.516245629584579
6.070721616296082
6.146051317578062
7.689340982977724
6.702265539841556
7.308680184693662
7.373066344485684
6.530740366276137
6.4177689637884034
6.112119295772082
6.8140313203972935
6.937092427541818
6.777918020960028
7.159494837400637
6.26668741055694
6.63630361317054
7.41312524246156
11.8354949423737366
6.508309595990558
6.757471024882776
7.323535707921113
6.889603108758676
6.410093872504435
7.064698768382156
6.948858816601543
7.141448462152143
6.0904278491495525
7.347120700238284
6.127513263953074
6.9930863755532835
6.614686060807304
6.2647249284102235
6.170578264992379
8.08677951944801
7.133439825221959
6.083484349671741
6.539376811635163
7.594914574402663
6.823170709800679
5.929283256499827
7.035781831896331
12.3013163888719004
5.955203024510673
8.283524614376427
6.623620382730823
7.120445359087492
7.05098740528991
6.827682787383271
6.9740577258628536
6.919434292555284
5.977945398937098
7.287013346832891
7.417922070536593
6.278178020169611
6.7236018269063225
6.992532859444736
7.391501000852749
6.576374813016908
6.058171864576076
6.616394187729285
6.233973025006449
8.421975787699608
7.154978010954195
7.196089641226822
7.398974328249953
6.59349024958088
6.957236793746108
6.4417600504372405
6.811875928550826
5.9814732442992975
7.0745481854518335
7.083811589651392
6.300038391270293
7.320503623970895
7.949799886103065
8.27743075250101
6.438765268019193
6.3832874686786205
6.902553578611842
7.051201580108157
7.362634182771611
6.075917637325806
6.51974867058468
5.979870042308486
7.39140746238305
8.199621379159787
7.425535298991455
7.650912078558239
7.38429695049502
6.299330662320257
6.269573717921777
7.566877445160096
6.621579959896898
7.277747264876836
7.613028842084781
6.987800960218819
7.169525607794847
7.669462796791773
7.710589611249228
6.768922976989229
6.767002197986561
6.364126899898324
7.752784617400494
9.60937019787596
6.648000456194199
6.595221124496747
5.91986311874311
5.945825195825022
6.4751631535387775
6.939895712872497
8.053701457135698
6.927360830957693
6.947059743345223
7.6187936804509375
6.351569122248828
6.9665844084662405
6.792511363024706
6.649637246168487
6.762312347035224
6.922088597319021
7.549414912752502
7.26569184453177
6.9003371752652924
6.486904030284445
6.548764246498924
6.872500849140791
6.879306941908077
6.699150595031666
7.6260782113724375
6.368825637661414
7.7395121903626505
6.910280111247379
7.061541387511372
6.3307099357058405
6.917935579293939
6.873657399091388
6.716990986971153
6.631666783881056
6.368992760954696
6.569863707000544
5.916106770414129
7.588312200127102
12.1122690291538815
6.723489686473494
6.943992125393585
6.3818493085405885
7.526323410749439
6.642487242897709
7.235355650315492
7.216203788295673
7.1476855592813155
6.479851160707593
7.003227586012503
7.082584101091147
6.493838326146573
7.786133364347133
6.829023430496504
7.325071819040631
8.753289149030772
7.367904675953852
6.8875903873617315
6.8646766017812055
6.43425493143876
7.0679999825364055
6.835082186181328
7.124570497035024
6.287365191153127
8.49830417416255
6.792901163951351
7.042886139591535
6.604136006932862
8.491579258609194
15.496242907486384
6.078539531472295
6.583169551353823
7.3919425101249
6.46473527293451
6.121744304153911
6.841501867218258
7.094095993336428
6.891647023026672
6.3869479639921485
6.9293776452770395
6.269950828223569
7.849412305804905
6.930355320087436
6.890838663313339
6.702156591155099
6.474525903731893
6.975436649933916
6.841688246576535
6.1047600745145
6.821297236895773
7.163126322948106
6.074526308221552
6.792917056886579
7.554673683718965
6.903860277096572
7.651883060636593
6.611052701469426
11.7535240034205386
6.561330086192166
7.5827538990862084
7.1188482703828715
6.764484578098774
7.559191583442241
6.79227725488043
7.704544075883303
7.08315679648779
6.621940825851894
11.9936433077597786
7.013607551737769
6.7801894773909686
6.94014024415421
6.636607484407788
6.736401632162178
7.000970728331497
7.371121854246164
6.607548173396216
7.168847116889228
6.944559078183704
6.193556223431309
6.776474556808401
7.5524441343228395
7.709782411778995
6.355047520232657
7.67860090769966
7.270178440914032
6.550678566629019
6.861784863305962
6.897406122856834
7.574157192423158
7.561922419381497
7.021802048987119
6.113609358924052
6.30122049903807
7.775301337951443
6.815576963063787
6.424796354645262
7.879111363257002
6.3185947390680814
6.21749126024726
6.224208168659576
7.190783752872234
7.6280887672813344
6.071038246400188
15.552439679606513
6.214803576531358
7.000994867380847
7.204370142044614
7.991789216130097
6.544006701071835
6.226107437983092
6.784485239159339
6.348540625904008
6.6012356909251055
6.497925845759328
7.936310482852815
6.381687393604961
6.178010199982261
6.8838214827415065
6.665935882062302
6.918115872723231
7.050550412298656
6.755964894158694
6.68558134844903
7.3830198541504535
7.375174950261055
6.878644098102677
7.2713429970124395
6.368626228842141
7.75238994185992
8.074097525286355
6.88450343873079
7.333194224721401
6.668931547126685
6.312256215699447
7.856942367316739
7.552402717703139
6.805006402992561
6.085451682137378
8.017068431758199
6.704506043732886
6.34519785048784
6.985748802790257
6.935652763960488
6.115849320076245
8.322584147301864
7.018913088801895
6.9708890011642675
7.591755544781591
7.0979389538663265
6.719206684803862
11.500005392434303
7.389198718569263
6.376207746473173
6.853222175432074
11.6486410729900318
6.609022949649139
6.525465432043002
6.858801539963064
6.320701706876999
7.045086764556445
6.59621445600081
6.402114977199895
7.901224967536025
6.560258757297431
6.593730549307455
6.78191142816333
7.624373377142812
6.50013937395453
6.803096787447496
6.386606046338183
7.7253161245245465
7.5411155729963655
8.853885921632392
6.817457967205068
7.203956705105808
6.756744863178489
7.042192021373883
6.688077408526492
7.117927701215318
7.359631931985323
6.44748913221
6.272887900077045
6.834816906152947
8.580480248961019
6.629803810815221
6.254852465333057
7.161774986125502
6.5768886725132365
7.237047320090625
6.5999795901218254
6.984629072395942
7.494760368402325
7.795484125328645
6.6787739832931035
6.245047548109673
7.978490882084071
7.173392600073622
7.084734869659453
6.343152801746195
6.219299284969274
6.466138440177417
6.401301543068365
6.918012493150272
7.777063640079787
7.071330993812013
7.438363111844584
6.548058137075539
6.56025423383916
5.986808960697248
7.632950552328441
7.555983940198696
8.295360907541246
7.002658541104179
6.348999263433607
11.554949523882206
7.009309199558564
7.283089803593449
6.564913548873733
6.6287302539734405
11.2314331405951784
6.10635545781541
6.37080719426489
7.276675096568393
6.109172310858938
8.100682259352569
7.437502921889161
6.857740042675063
6.797838020160368
8.476827849531313
6.86822532184276
6.389679938415988
6.551344261010308
7.368382464619176
7.252937209710634
6.062903115383933
6.836792993095954
7.512246254653629
6.880991428152639
6.554839635834701
6.534076276680826
6.3932777566605425
6.6717315154084424
6.150046861289154
7.057873952509235
6.354074814719722
7.2925823664148375
6.292162884382406
6.90117486346658
6.965892601559296
6.901285404628547
6.601428236453096
7.026949623139942
5.629378204496022
6.7441706346322805
6.94328639861357
6.688655395218816
7.446230326761619
6.6818043399315314
6.935311067686874
6.221984579180773
6.852756832274823
7.159874175470325
6.628657244974808
6.760577920094547
6.631328039885311
6.136377080152069
7.5854616394817045
6.457497353096857
7.440066240054528
6.793366735290326
6.303584768327886
7.330877126076214
6.244703573640973
7.196493038620732
6.720924307965687
6.822953468626412
6.938351727651936
6.477702592611699
8.199434066049562
6.971560576712353
7.037226083617024
6.96230890759776
6.621918363599288
6.770523399856061
6.316781990373669
6.517852344403827
6.706500060675061
6.750260532980477
6.292416326218072
7.802996710539059
7.598194851031138
6.715711370411646
7.274695048866516
7.129638165531348
6.986777411535305
7.143843806925326
6.763604679225709
6.8166031708237345
6.423638650183676
7.328908504339398
6.899555678664049
7.430622870588356
7.281035785480396
7.041706734330873
6.621691558117072
6.464170235412071
7.209627440440961
7.131156698090008
6.29451840820202
6.583464135840571
7.47409142766448
6.253992949810538
7.1670212942120495
6.604209011973226
8.086308441334765
6.852162760754079
6.654577175182454
6.688468671941294
6.582273347934635
7.665126649927984
6.526084925517812
6.2502788462147025
6.891765629707046
6.481591334702596
7.463156895223157
7.117935411460794
8.100271696552825
6.899356593205385
6.349866236265831
7.408047945865806
7.254830084804461
6.916046095692852
6.656236958194257
7.103000290035196
7.642167469341392
6.5192010537245
6.471273048700413
8.739073663685211
6.93065096675308
7.4001173357016015
7.0208116397967215
7.493723548823362
6.577013896043369
6.285870559268769
8.50766474799351
7.486504218998845
6.413873342934584
7.175683388222611
6.358915603304662
8.028389510015943
7.827601921344197
6.663268008696202
6.322110463567503
6.322053470868524
6.938847142274061
6.102196665281781
6.585257520663023
6.470534184057724
6.753007669961011
6.677663221363631
7.121320551870925
6.476772188457872
15.576151918908057
6.91802462214904
7.01376431833755
6.563061788791477
7.501237198643143
6.301834637443883
6.696284198565771
6.19373221101566
7.734657110237443
14.9481745115874505
6.732008539806895
6.882607962567636
7.185987659801229
6.81806044112026
7.256680873103379
6.937513634560248
7.671246375921916
7.380701878242949
6.934971240880223
7.879573667025329
6.343422415449416
6.821566493449239
7.357702201794307
7.349029992009728
6.419446516412093
7.073817550142632
6.949256634909799
6.921734523367223
6.472160153977649
6.72354797149266
7.3263972031157465
6.144638115688327
6.633073343484799
5.80551177115511
7.011037120680862
6.825164267757382
6.838062489022842
6.497244958792932
7.41712571980887
7.081815975585418
6.14816580890315
6.853151524856215
6.9234988900121
7.029713245337234
12.07249927304783
6.729609419359045
8.525416094245129
6.992287535507387
6.478776562983162
6.729932268674106
6.507895028793081
6.1351447393728105
6.645948660175519
7.34184383289532
7.182325664805305
6.959995258543106
6.83935184785245
6.199814921393167
7.739855882314559
6.4105854083252005
7.216369586624405
6.460939091577068
8.032730802594635
8.524933415555394
6.93975763579953
6.632016269525711
6.321082878492129
6.627637507092609
6.332453240127241
6.37008832441614
6.26981885207466
6.7786593776696416
6.451605274802926
7.72451657378242
6.569150550334895
6.671497805586236
6.440327817333487
6.330192855328795
6.523490361195655
7.177949984870678
12.3144569521133675
7.007084389131291
6.226336272300013
6.60853400382272
7.185111181124845
7.738508813502605
6.752083831562542
6.604252342587324
5.892416420149535
6.043384006577253
8.076491244366407
6.789838560673443
7.420467163909251
6.256185129072164
6.1506392612321745
7.615986033068248
8.575290046269112
6.921555366890669
9.362254756813622
6.812999547441966
6.741618334608364
7.058518247094818
7.7865055428929395
6.90004068401657
6.302010146639758
6.781795616676171
6.648863453210236
8.904588782629993
6.200479257369066
7.234106577783077
5.8657127382778
6.7275296509940095
6.903671141008354
8.460270175606823
7.5999112930066826
7.015859459452416
6.154419251707442
6.038755125203088
6.743655795117623
6.739823913973077
5.9700160572270065
11.8288211650951889
7.1743244190647255
6.52618760966154
6.570852624341049
8.1384314829489
6.318363304052647
6.437463230584733
7.0969332011364745
6.210917326827369
7.874575942781789
6.87425953605043
6.420593275332916
6.615797928225717
6.469404748915391
6.4040617958650925
11.6692892853436043
6.571211313593208
7.962238352952872
11.7314787971301828
7.003109629405309
6.542136765060736
6.81258444050544
7.161507974802185
7.640408938552939
12.1296958960366767
6.831368696552878
6.909670497522276
7.9868957165917065
6.801934683825533
6.131003472351736
6.179948176140243
6.868893838685713
6.586370094033616
6.8686350033047345
7.1366847618828535
6.6918271149754185
8.455320751627838
6.7465521263953745
6.703083083255188
6.48982574186953
7.075111627829104
6.712345601576711
7.544965754839189
6.416094531094759
6.961226335155968
6.802347749200054
7.117308104305163
6.847498959289572
6.7673593679802915
7.619060349130994
14.269559344349845
6.147557750172955
6.9972742876698675
7.670878905741391
6.535530634507273
6.304196330953937
7.360522815802934
6.229539118977279
6.655389307864679
7.439505602070037
7.0225685691760775
8.047673722895922
6.8077624583630785
8.818698650083943
6.2141254007937325
6.357273743493426
6.895898336894053
6.814618630176544
6.611994975952616
7.1630022063385015
6.351068694132758
6.373582750591517
6.458802984134737
7.028739099648516
6.79242852333541
7.120784200465612
7.261853891426047
7.854945748959167
7.176239225097281
8.440242851005038
6.731487559608585
6.706056871740604
6.585610792024551
8.591414204515955
7.107620915513365
6.468487247745999
6.1471374013247795
6.763293651282046
6.353363241676847
8.381570216168043
8.23025265912656
6.502227228597072
6.473938134594771
7.279517690776146
7.212092111516963
6.7054158602783245
7.562044097174641
6.475340909261507
6.931924141432281
6.545141470457862
6.682700453436265
6.300395312773169
6.8216763042280215
11.6145857428196746
6.581189296558306
6.144697916965141
7.660791219868893
7.1263341188674305
6.546322716178453
6.694847421410056
7.132814124852866
6.7416159647028335
8.543644632333026
6.7634493111967995
6.87802806860164
6.6238740940138525
7.220513180740371
8.55962333890868
6.51201144536047
6.408600452490438
7.61890194271113
6.2995963409826805
6.437594824396367
6.41317946209573
7.291278886539955
6.510869104604214
7.049400817090906
7.465974315038513
6.869900843027507
7.359495747144044
6.726483832984218
7.236357562572322
6.769714750680549
7.561535023638086
6.356825646161952
6.323071286990326
6.5578358964159404
7.575397901792509
6.254614117022594
6.4231890818436
6.583298483042691
7.286857217974635
6.817865219589148
7.024288228574032
6.92684549262415
7.434216999582144
6.3328842922556285
7.41565053222895
6.96478083333848
7.615901625922307
6.633718792171397
11.3180154083461497
6.259620838806975
6.474738966202966
7.170390532930866
6.468738388931771
8.178845128303221
7.246253038129735
7.151658173135521
6.787429228651849
7.742786181812922
7.142307456932802
8.119023225231047
6.8919132612669225
6.018344046289073
8.203300488255366
6.691097579805204
6.20754678038775
8.007196019979784
6.7445432982950155
6.310039270060221
6.3514555157576025
6.936686179911122
7.690085674799237
6.92493476532758
7.6653000440802606
7.114865697951668
7.207067838646476
7.175447024346526
6.985456197943023
6.664059664254834
7.251800249419375
6.687435227326117
6.573872831495079
7.6342503938709125
6.793402458778777
6.58675077687797
6.784693105731622
7.318045780519197
6.113229117716585
6.595264652755949
6.613325316197097
6.97420953279871
6.593082260895806
6.438849019706199
6.90794767652679
8.026325550535134
6.365649749867731
6.425740976459466
6.329920827039025
7.8817080911866615
6.036869442262761
6.186402650006963
6.6200564848443255
7.166005910485742
7.111483807862175
6.815560279539266
6.567674332376233
6.837403924443113
6.379542568850878
6.52573417902822
6.9989240090279505
7.304604726613186
6.919754005669355
6.2281969343948616
7.023315105574758
6.704027290362602
6.402452595959516
6.429416053105986
7.306994297944371
8.016663660978237
6.625005005958292
6.327372644935904
6.6267368482236195
7.334202895929478
8.317469367405684
8.30698871943358
6.841073158270898
6.752757551453254
6.754124376714379
6.958959855414894
7.499933840606588
7.956273171936291
7.054567474984253
8.504386580485196
7.233229337109524
6.397142098148149
7.308657389612387
6.202961564423422
6.707676964785354
7.8324820647887625
6.349550572087302
7.000335005156449
6.938707817421282
7.320747081282002
6.839452208281781
7.392911720501596
7.199186709465656
6.1517989532498
7.232782677238622
6.427948898701618
7.285506300564725
6.9706618437504355
11.4634680921774421
6.9822627329708205
6.4654811828446235
6.9848831941390195
7.985892881164306
7.242343751448683
6.471396375057675
7.576732109007171
7.408547051319476
6.639135077327762
7.031808154428763
6.603651454242831
7.07540141720524
6.610477314574609
8.71792992245547
6.351938906136101
6.976254292484281
7.34337516930965
7.104023105394941
6.232648925448539
7.393552111698757
8.638864930563585
6.6477071831846315
6.720879687880035
6.163283634076242
7.320278250386193
6.254777177497096
5.9628279058261
6.404883370519763
6.376484302815857
6.812554337456063
6.424581666198664
8.724674561661024
6.634057454091364
6.9344848414991
6.157004534192226
7.304133069622361
7.15650939069849
6.440741233701702
6.9717938534157895
6.564894364501382
7.745896250649533
6.915327665822145
6.583628241915053
5.851620403015311
7.504323048666947
6.67993464622114
8.506503171466
6.87387978648853
7.005782497675064
13.5245332733264667
6.735836939309097
6.947071666704739
6.659272419709342
8.06810485139877
6.791291092927074
6.677409234153159
7.471241026477762
7.413801549215446
7.172549043936887
6.8845413626203005
6.407573672048795
7.451298948218468
6.676366363721454
6.540189968383314
7.030326436898256
7.151061652506514
6.6317630797358555
6.890767100135298
6.697972415532845
7.027948503873908
7.2502408719587335
6.739012708503392
6.819732720509554
8.978075224723964
6.382375365648034
6.667034428882479
6.16736066340241
8.561398978751885
7.624923320554751
8.055556823419412
6.4600800352751735
6.566893410734137
7.234673258542649
8.216703776005872
6.584692642853617
7.246647764934255
8.60899060409608
6.5619650784473365
6.743706627862619
6.765742645944601
6.56412621720045
6.584877071270311
6.646075158755089
6.589232258537193
7.442337285110931
6.566761451691787
6.994058231821464
5.79284248120135
6.798889545831393
6.911687448122228
6.937045767894632
7.226736868027548
6.321318157333226
6.745600102548972
7.732784363617996
6.758658863879782
6.959085457741306
7.270139830676475
6.568861205806208
6.836840929068687
7.003551634444719
7.119758560478046
6.804900796921321
6.824444467745793
7.03922687666133
7.285027251452566
7.0453435989732505
6.584659879783826
7.282520168842701
7.308274265634447
7.419899542767868
7.039940455387134
6.46467051684221
6.744530417445123
6.8446997696997
6.907575379004904
6.788001359182403
8.069939522363459
7.014222722247316
7.4574968071181935
6.896554181657064
6.157120108829557
7.083797646665267
6.786927084830955
7.41818671151021
7.326023998964169
6.713846113886338
6.639856064640337
6.986330323141141
8.214197643147381
6.012333485583884
6.508141754454218
7.696570662372977
6.528763596078883
6.969880607346287
7.194538311994105
6.71995286464143
6.5301207418263765
7.4283624711337035
8.622126405151445
6.750779856615217
6.300030750765696
9.730930655530038
6.939574945497673
8.792726583119247
7.2210672731814896
6.836801463895036
6.3083846098062875
6.688965623717505
6.341680395109633
7.782982432957281
6.46950944480615
6.577979273257136
6.2403572233333024
7.173928542759552
6.592212205077749
6.9261839764031246
6.476377286725898
6.433172106974436
5.848157236940156
6.846842849063651
7.154654256386779
7.874224774971037
7.442298559671228
6.3761328281362095
9.251787681308631
6.09779029819444
6.311795241448587
6.883262683003136
6.460565789778045
6.218183934333352
7.834387306834529
8.262576846612488
6.945959806978847
6.330870650104478
6.499697301635009
6.712685679610355
7.062464836126235
6.999403020729581
7.022995066681654
7.3204572226652855
7.525839800846317
6.881882602635307
7.691642739401537
6.3415995417548885
7.56345832278057
5.980123978090955
6.374497420420318
6.886862503085718
6.841943260925563
6.382739338633334
6.734108106729804
6.861874528233014
6.27136783481173
5.974774191950189
6.93686280661204
8.174170859829845
7.189811800689304
6.841994090464636
6.991173239314915
6.3146204482840655
6.896337251776352
6.993902184852413
6.686215353719668
6.393154169179253
6.429427436052534
6.337267783646586
6.663355476712142
7.056046606519542
7.959879199726048
7.277102371000101
7.709034856919175
6.60352338363199
12.1929640908191974
6.899691267646964
12.1893931545053285
6.352775950293259
6.429763531646666
7.756441445967575
9.305982412858738
7.184779966148327
6.671005375268139
7.218093913312376
6.506806683789663
6.900903244840302
6.097994678201461
7.065229301822181
6.877704144747632
6.55877676174199
6.429360823922001
6.4147474078505535
6.337703088709308
6.478241095869657
6.505204858721334
6.830824097168565
6.846555131285862
6.463778978161705
6.040411362315669
7.284974200361154
6.736495155231181
6.51907886817383
6.960776690060724
6.327296372485076
7.7837564666063175
7.196291951543419
6.602159996037744
6.488451353173599
7.225631301897044
6.55545046613187
15.145046906807307
7.434595595877146
7.107372909015915
6.494032773201421
7.525019344976964
7.139740319646235
6.632801291707947
6.231598499836105
8.335655378442166
8.312998490724407
6.650476431757515
7.192029843941205
6.142380487955648
6.935676981215539
6.588745309652723
7.626633551940008
7.482274196592019
6.6762782024636005
6.74807039245397
6.546341243338513
7.034977742823479
6.87491161809956
6.208807047659498
7.0670949883580105
6.1741847935690135
7.6895920600178815
6.41919645982219
6.52243254792879
6.291507921107957
7.802981538665078
6.787737472731768
7.633589291213083
7.689714866908169
7.81060695883456
7.504864078251894
7.0368016695439195
6.8072034864370465
6.763253050928948
7.135403016604693
6.833884157063171
8.250751804881293
7.612343241776831
6.561150804928162
5.881148724650437
6.92886728394785
6.896596793507433
7.045210177019164
7.057632169155672
6.355659723873176
6.309437655683505
7.503068882638872
7.432307781381641
6.532276565788024
7.314832925231662
7.000108207232118
6.625661455542871
6.661898121211352
6.558330781468008
6.6203647794663825
5.926219417291819
7.9718301033047405
6.702099190231149
8.164336410177743
7.416976480176253
6.691349451685796
6.73757923351144
7.079855274583495
6.713548543250302
6.995760730277917
6.869919347226007
6.77686462591921
6.175745268461787
6.808866656216814
7.758390866561632
6.99061867576991
7.3479972496351245
6.888203603492733
6.874178757233938
6.43324581168118
6.272584283164412
7.092320416872028
7.8055910639745125
6.272124840730019
6.666995155052118
6.4969601568660655
6.2673252817992635
6.861763913196985
7.33896415554967
6.377751811323348
6.424984676833784
6.686432045130296
6.397145241736986
7.003140207228126
8.456058576219572
7.06449194769163
15.562285536216507
7.039149492450328
8.497169117568333
7.470689797891567
7.638751933126682
6.200644081046435
6.795917352463508
6.117303297966136
7.250260540334368
6.943647763850784
6.880569743464062
6.202566286480213
8.26106197797091
7.004057775138274
6.967601602889778
7.733351098966379
7.0865562642491176
6.828274823896098
6.662404823252372
6.921422416618008
8.154077890027958
6.433333857165394
7.224326387719696
6.100695324976115
6.468158447835464
7.884740721718298
6.969499539763374
15.405602156782345
6.885822263679489
6.8517985394772065
6.521368565277765
6.434663355081563
6.958914550796315
7.211278264385533
7.229901938720086
7.800806275903531
6.4461220840695095
6.647754403207664
6.507524270330284
6.4256427962689004
6.372041227229041
7.020153232977897
6.27920611707833
6.906142415612708
6.685745390217477
6.4553329622268185
7.150133710988671
6.884959364987522
6.191084893514391
6.8621012510215476
6.6696895542378
6.8605017119071885
6.860333457975839
8.134064603955883
6.617053752258962
6.7549147987830365
7.053932884877014
6.409034000924433
6.818349248332218
6.9139602221764855
6.984309821910924
6.4584961085201895
6.3914331788226075
6.905193680794663
6.917797500365613
7.115423008189994
7.9023300415375415
6.936774682265356
7.729401623671126
7.636909784897397
6.935934380695333
6.315467113612862
7.906327834519507
6.874306103040018
6.546579479056958
6.932594550623773
6.5150520047127936
6.663734455374105
6.613206938332014
6.536412323456271
7.171115130804015
6.827030783218373
7.593948810418191
6.551446681699627
8.260739137056902
6.795458965731393
6.624584620414191
7.458755436308117
6.062665280140153
7.656310673121456
6.114730769568698
6.957866649689746
8.720319366774845
7.077765491428334
6.350570570850076
7.724155616431341
6.078686212082015
5.954043881894554
7.413467391347391
7.0050406273140275
7.029639815335056
7.404668299855306
6.8181159512677585
6.735316073141285
6.408423066647953
6.773774399228924
6.546729027558776
6.6206430536420084
6.677374018930233
6.529881053959734
6.265199873883615
7.077406915461982
6.748175765555317
6.706227956478601
7.2146936775620585
7.130155096603219
5.909713379828766
6.789967474982102
7.221201728389353
6.986781852728013
6.434540809933895
7.410962488089577
5.983812695311304
7.121757705972302
6.85271472623449
6.10572483870498
6.2158868613155365
7.907618881951974
7.536499729112089
6.506947859421913
6.537066962603441
7.634972663612114
7.247856028576012
6.033076022529566
6.718475397199687
12.3958983009455124
6.409799795465946
8.198737167201159
7.083817319341475
7.233282395360897
6.948699700484829
6.9127992525841355
6.669385635505482
7.36427117423872
6.230335573492686
7.170354230521659
7.1811801303612715
6.546577817573718
6.548248904786488
6.341724871448482
7.279135537588108
6.912275180006418
6.239106618338136
6.436055988377215
6.592557278399756
7.887076972753947
7.159860635146112
7.484563623293652
7.337489299201551
6.648802634875617
7.17510668590983
6.40315661614841
6.361850288015681
5.953411110517685
7.527296813791997
6.946271851006811
6.194358035386058
6.774946107606026
7.595962253471698
8.430857786657532
6.5736253762517824
6.171787607199918
6.699679378754714
7.011100554167018
7.449210232353391
6.219364438161519
7.135544626393314
6.400541611213294
7.147380580144205
7.638365782325377
7.758518602795091
7.551095715809407
7.119339968911709
6.370118542511318
6.488271516649746
7.5377102251266805
6.497176283693525
7.606013369658995
7.205349138698253
7.250085223638513
7.6416286081693165
7.711780672248569
7.834430723591642
6.9324541406184474
6.539176832396191
6.695642163221753
7.916380431601171
9.342668315640061
7.068741947617603
6.708532056828978
6.176470391569864
6.025873024723158
6.305248018640709
6.984420063983533
8.447867187180961
6.682158638580996
6.429168638841471
7.372758773217903
6.437261199677209
7.02515504615208
7.209565230693569
6.214857843820065
6.277834280541067
6.835852642323037
7.994828778101119
7.365757570165186
6.407143484510916
6.577695281143979
6.255450087480572
7.14848626210144
6.689354596165827
6.408636217728851
7.545529029665385
6.588145109506645
7.253234150905871
6.968088570262685
6.723301062715832
6.199679956915154
6.772720855271082
6.499589779657825
6.5875101885838
6.120192844230674
6.774784953368707
6.9595273313048445
6.283336384474582
7.686355678710812
11.9670145726311006
6.478147749802759
6.834761530759048
6.198818088413255
6.937873915713382
6.200212392762314
6.796894124043369
6.767493874615906
7.567700567303106
6.922573550813842
7.077907617257687
6.6602163221822375
6.779169534655383
7.377760892458809
6.650330660154239
7.33542286164106
8.481248043215688
7.072734598134931
6.954418776919186
6.700472414344169
6.912602634820201
6.954560602098265
7.021619285860364
7.011348465657621
5.9973644108971405
7.972083658290579
6.82471285772069
7.204478069818556
6.2908707467079354
7.927243931715383
15.412268158602046
6.671188262421978
6.675323233519227
7.707366439715036
6.270903411529234
6.033079009337452
7.242945487417941
6.61373421966076
7.041469691071474
6.495961776651856
7.190403425038259
6.368878604070089
7.8697659008664065
7.29112228924862
6.572143447944741
6.414579857031747
6.549798802266893
6.706143857742713
6.4144648734437055
6.428018827085979
6.722289024336105
6.762318486454688
6.143992617441934
6.512266868323079
7.540858378226719
6.618229928544547
8.002838781597926
6.160158385197681
11.6079087015749363
7.16466857577084
7.491934936264285
6.767241501043236
6.538150822308831
7.248871688262875
6.176542211641386
7.789390892321073
7.330384539046937
6.357299976792868
12.1125708099001397
6.969757135867037
6.385634888574896
6.942944507610953
6.55948687584366
6.458973073944896
7.455528626781178
7.138939947774405
6.838898432830664
7.438273995268756
6.622175632684377
6.371833259058879
6.771874144699288
7.223188601156165
7.623151373636237
6.376966201366972
7.659241970279856
7.057009567839662
6.723727595065572
6.302676945261155
7.1488327807784975
6.97686838699076
7.201275546436553
7.008703288952763
6.547597025499908
6.565644700410767
7.464978853685868
6.959742420377342
6.656032167673175
8.25505608915849
6.804515577998649
6.095625930940866
6.171712058135044
7.195482467919487
8.241990573449455
6.529160617674384
5.888140152121393
6.648199739480179
6.723038927276274
7.460320388713209
8.002378307536974
6.512098179355822
6.502604336306948
7.046673710130101
6.469870601390464
6.890154346785556
6.203452076108372
8.107283513989303
6.38206617464488
6.489704033954296
6.932364984644501
6.888785204105521
6.925447409136609
6.763696471281512
6.320748396933439
6.669398199378051
7.326482599744876
6.778024382127082
6.408603621033264
7.33101077242205
6.788402426486307
7.615666345476058
7.461267426014939
6.888876275066177
6.840628770740162
6.524033279993951
6.443534458321267
8.115722856474674
7.711162574604545
7.12589406152962
6.314095769361446
7.723669773332993
6.542909624273506
5.822998313772976
6.999714605230472
6.902215217889539
6.320078542856689
8.462132999442625
6.443774821374667
6.910135713778303
7.569134095646296
6.573021198857309
6.819259658822569
11.9966865722356297
7.385160362866403
6.30389011988575
6.899685368749074
11.5615204897268142
6.596136289034795
6.807115875520659
6.568743797928746
6.042739521193887
6.8210969358237765
6.505087509731582
6.260967281848775
7.486239223862121
6.82749583483259
6.765008331255009
6.593815531723827
7.806605018392947
7.058455385913717
6.490150562040543
6.316213716983391
7.518539590790272
8.081677970715509
8.507114017240466
6.736294866682553
7.441117295178692
6.456086307239131
7.210060816080845
6.646320332335778
6.860964582107037
7.070822632064483
6.518775588694306
6.374397578564165
6.556650903076834
8.170078252089915
7.031250365512829
6.284596151948549
7.353952843554063
6.3062952174055305
7.650961058384996
6.76438739624601
7.093195650551945
7.34175230087093
7.732933746353961
6.803651111487745
6.780314353846395
7.973367391037778
7.189070323136572
6.733588913505967
6.6908419653187465
6.2462073928907245
6.768515496109436
5.981651961810293
6.97775271911937
7.865706715950714
7.088670932263275
7.483453347037207
6.330679838130072
6.626441954649979
6.420965303470646
7.4043092971509825
7.5327017658199695
7.67605980420782
6.727782616862694
6.771953651548929
11.8793603394003067
7.079753166889719
7.05833926491075
7.139467686229896
6.7388222847019295
11.6090598666569824
6.352370528783384
6.167618180394044
7.598581920690256
6.135552590955067
8.773032111092695
7.859533251365992
7.082222697475646
6.246362730095031
8.374357034360113
6.798360191302432
6.642561557309032
6.3288329850229355
7.08569837491592
6.891356625899429
6.637445542749211
6.7906239670441835
7.307575788389238
6.672482047021444
6.404236132225074
6.137528890384156
6.59203177676777
6.8388221300902075
6.376330350073522
6.5068052711306885
6.503882630967571
7.486505011515208
6.79537163962259
6.35516247986546
6.807220846775803
6.776781365430759
6.616732324237225
6.806162714069049
5.75947817027559
6.82458083426981
6.906714207188461
6.956409419539495
7.4680825813374385
6.9383666752689725
7.057338039037013
6.204368327259974
6.7797451064825065
6.870764877856848
6.959140524004729
6.82580182937
6.313295013271645
6.226435990534695
7.927009997284439
6.851315347780883
7.3661700232634395
7.097865298964029
6.037681956843608
7.141033620181376
6.1787442105200965
7.386724003983638
6.353162994191082
6.490056916479807
6.6869848465329955
6.7459542527455545
7.952172633282297
6.447888243297083
7.028690047920922
6.642535371346215
6.489019109369138
6.992337379809395
6.432392901422433
6.753613439637
6.758463185784827
6.839395268592132
6.305981302931179
8.113219359592375
7.565954643165754
6.31947206919291
6.827728072253651
6.802812970349876
6.307724034406024
7.076516657258796
7.051769795120531
7.02519365572644
6.544793743022533
7.318968904212636
7.214703359782599
7.108983969338098
7.482435203684622
6.500966204097007
6.830349055139687
6.801545397199035
7.587121481690319
7.212382485061365
6.283114076190518
6.80805893049398
7.2317807241691305
6.311598871433407
6.740657690396421
6.726289414407485
7.738559004499286
6.982627176924654
6.233342265404297
7.033815727578106
6.441022461934398
7.6949625770721175
6.677375694181194
11.3864966726567955
6.931214043508969
6.828679128256949
6.8942619008322
7.802895165650029
6.7535119917977084
7.899152488554606
6.908719891465921
6.68273023571723
7.473929571754397
7.23681851677112
7.335879212740978
6.90361003985233
6.8385337730148
7.57222880075453
6.158815005110684
6.4791518286798295
8.660068113556365
7.277795252040915
7.5141753487779
6.853389738683632
7.049216001717605
6.296405687110935
6.341787535362346
8.083323721235345
7.535764285713703
6.588888944060333
7.152736055494078
6.3791609861341945
8.107951061813862
7.405895032021944
6.85130887790836
6.7506821864379685
6.645241909841179
6.926719034514008
6.115081690113108
6.312344917293527
6.339769913728381
6.381382507522067
6.826876385693676
7.239140638872389
6.445043639843921
14.948860843142073
6.950913874186054
6.604935010248364
6.520997081491319
7.098869383818978
6.171872492035339
6.822672262059495
6.527402279823698
7.643006902502445
14.729842935176455
6.390498896909648
7.268355507650078
7.081454759436709
7.403336709584098
7.4920835451637915
7.176921279814955
7.531298047138397
7.178223905566483
6.908929598159814
7.64647794805478
6.707648673699552
6.530202280136049
7.522976665010776
7.096237407151961
6.739070439672117
7.3463610918953295
7.14696757158135
6.866329884103285
6.32759238015554
6.462066198753838
6.922584811999091
6.143006801562122
6.802888938107433
6.313102855570433
7.103216326040168
6.6765270923483815
6.796708370453723
6.701667401539573
7.206091928788603
7.045388616318284
6.6417297208021635
7.031875961610539
6.72256953046721
7.2511095313226726
11.57292850030588
6.434287952521806
8.244705649694449
6.77144980963391
6.3449219622767234
6.281429295919374
7.199277340859899
6.3561127049529995
6.502440691382972
6.957685786681333
7.072753383697148
6.854263620853931
6.991241882847544
6.3992005455024845
7.703236284923253
6.676368520027847
7.368158060162747
6.59329005132928
7.449250839416505
8.501903370936686
6.9843306422979605
6.723696578000744
6.77711528869049
7.1673593765782035
6.293819490650837
6.599687300478234
6.488944399776752
6.782356844454765
6.521550300414813
8.078208494871914
6.16087241219592
6.065295837172932
6.197176990987177
6.699163773441607
6.137269194158265
7.313158255126934
12.4520154730119126
6.832546446972187
6.6159116028818
6.818381362033365
6.925088536777301
7.101651967867613
7.196938283545911
6.5801473599994535
5.955976270190367
6.162759711025681
8.080071519223797
6.609962627237451
7.36148860188632
6.733284248886371
6.300290294943031
7.450006098705435
8.942090056326503
7.424772067355181
9.950118100987993
6.638456727343742
7.149750307403278
7.163319003886248
7.4903691863496435
7.516564259993391
6.3964928300751795
7.213376558923943
6.934717284271269
9.266059555470624
6.136695021220447
7.465316518688245
5.952834509100083
6.779570156029147
6.864389206810797
8.233756363665222
7.66475394716125
6.830338963486668
6.590033223716071
6.067823614309722
7.05011333358423
6.85590339142306
6.0036366147400635
11.4876183637120124
6.952744627927479
6.1164004780826735
6.626735270932815
8.440316054712586
6.339496476450617
6.9410603529428
6.559969408815642
6.276354291311499
7.549969904229514
7.038342625399019
6.244001570692948
6.385502150072597
6.700145371841037
6.433585084707216
12.0800564821161016
6.37868691728792
8.397389859671682
11.8557936565467563
7.228898171081588
6.5386111240208695
6.857489236101384
7.2447830147360275
7.354674154956527
12.229225146883609
7.115050480354128
7.027833450960439
7.637652411558851
6.7040563180568515
6.449748158029033
6.529705568810829
7.197062664878996
6.443057679911932
6.643128000731048
7.0519092476990375
6.811894563138367
8.366956773774385
6.303989743970586
6.783037188665463
6.852379996176942
6.662454951673681
6.771057131437379
7.620473315974665
6.87373246952188
7.03471831136603
6.606608340973085
6.831886369037553
7.106304959057722
6.900119700987656
7.760565061576583
14.221507403305069
6.3229051789040565
7.180829820682755
7.731556747139536
6.683722005430308
6.627622529364049
7.241360664924049
6.454319329643871
6.817504165052707
7.619384539591211
6.502360049852917
8.212396534970734
6.815660349474139
8.930854607907012
6.167252735847153
6.306896753312216
6.379364885140157
7.05683185134869
6.318444934059222
7.1093656877309535
6.170209765676505
6.01541325763232
6.936835660996587
6.974613919570935
7.17132795964398
7.138710312385475
7.141471526259583
7.908467047650021
7.044041045865968
8.22178619520842
7.019582425758688
7.136466510197446
6.303821083824821
8.890809560234194
6.840602662358566
6.2311952437392
6.324476862176377
6.525654129668276
6.604320516438585
8.31915492343536
8.238096219308128
6.695218419124055
6.881154263456053
6.846412519065852
6.994087103229133
6.509389264397702
7.578874976360626
6.32066603683571
7.285502274049004
6.35862751584007
6.6825940026772255
6.748560407509861
6.968117504845553
11.9062617677854234
6.649740919196092
6.111216252751328
7.836074069334179
7.597373560905565
6.990589657321638
6.6990373289482985
7.2049697010744485
6.707001931232713
8.281554211842407
6.435106882670618
7.025503327252584
6.668410416507162
7.337310917398859
8.968394821324148
6.7529665294203705
6.12977185177525
7.806154646698371
6.182996365125268
6.987657320576975
6.828053163328306
6.954718662662911
6.59209677718262
7.169618920663654
6.968408598471122
6.706634390705728
7.354009528989319
6.972634393757872
7.281533613540648
6.9597464828499795
7.898827839640824
6.547527411420601
6.667537257291553
6.058426317244556
7.788387386370007
6.590365796695092
6.881073098324421
6.408095694776231
7.589251111040079
6.991546395049478
7.063391305661073
7.41989910505835
7.064327432027167
6.0586968337381935
7.180203829010226
6.629225134701042
7.56743122808581
6.574706379787751
11.33738059488936
6.798102112256104
5.936315903714359
6.922696383518341
6.215204870530048
8.17303557411717
7.185142083298982
7.217478510518005
6.585763421491021
7.871578921127335
7.063421515117362
7.586029645716141
6.517939369382378
5.830973584064119
7.9328459239533515
6.680787331834557
6.144176563882965
7.783807850102704
6.698478006277852
6.139538211476454
6.191494774971149
7.181035336194435
8.01175728035401
7.146234509191877
7.464314892535919
6.506672475999858
6.8880639771790575
6.916996681454768
7.083847683016516
6.832022563773734
7.515637104172452
6.756268847316534
6.97220242852155
7.491566533442261
6.157042324028764
6.261475029930172
6.784754907657915
7.310748912323647
6.337263369356743
6.8909320826383835
6.25831568940601
7.088917485445816
6.905846900514942
6.635991811403029
6.801725188046989
7.5795514549748155
6.424284782027856
6.363716910692164
6.71991230949377
7.712705942543094
6.1966684500773574
6.491262110138214
7.095664473247493
7.070907429737283
6.704337192437199
6.440249996482351
6.120732412918972
7.026529809379938
6.4355018520660945
6.3539647211949335
6.772449858059695
7.672237943675586
6.981287614489999
6.873189909597908
6.9551880093956715
7.088885234624977
6.6290547199100525
6.616294864710451
7.054884465105005
7.921462291774287
6.587878773650049
6.423470175304457
6.828187061527097
7.882450569277999
8.277827663138423
8.341573958432015
6.726572291240386
6.712337135197952
6.751015247837573
6.623906559678916
7.611457444683554
7.971639527096855
7.455890080233103
8.675945052190277
6.913096479701952
6.5013712215827635
7.121758856170647
6.632774052214344
6.528829609356761
7.694250772748045
6.436779980108379
7.173884638704209
6.977604866060758
7.4458906075204485
7.035253098892839
7.013626612285296
7.482503416587183
6.210918723047962
7.592282958091153
7.054518518931774
7.224932044837978
7.107708687615713
11.333427689372955
6.780004469963977
6.935901141999318
6.698034169454327
7.652199221082892
7.644979231273102
6.582660652752772
7.282040464757118
7.57800706961257
6.4122815607026915
7.276720266147245
6.121270204093949
7.3347514016872815
7.2880747816243945
9.138418992997481
6.74525692049455
6.634890509319035
7.590611735244543
6.900422033335768
6.65204525711988
7.163757425196323
8.46317625935168
6.833861236320599
6.280214644187255
6.5630420547066795
7.6559234924046535
6.50157825429465
6.326036075888725
6.357870355918752
6.009598906752551
7.348797909557576
6.86757707684988
7.840145168405253
6.396647763352402
7.356440979887627
7.035755170356379
7.661247155437463
6.399129596379243
7.149541478277181
7.055729216845146
7.230984372631638
6.358755514187617
6.39859294342108
6.841552831361625
7.541632290484516
6.947897781876226
6.848161735770073
6.803957137468146
6.790549755030241
6.570806472180922
11.8970302031663877
6.176988590293257
7.023868837569952
6.617665332114369
7.165167467089539
6.643341263635273
7.164536685864581
6.165909205676454
6.647965450049925
7.864529240613404
6.397979535627044
6.168470317290531
7.188153719964636
7.196983537024211
6.234538262794763
9.185688131941262
7.029920285455155
6.805011506441553
6.342396296185011
6.519755145272333
7.938666468933927
6.957062273339517
6.946386574256565
8.002909513894023
6.940711437208347
8.478059597814195
6.829194486148508
7.024343158492948
6.682951345288347
7.0569637434151335
6.967536704823867
6.051468850479621
6.835227654377237
7.139649733293122
6.77133370628729
6.893126350749282
6.225418513497645
6.64884208300233
6.78579103521464
6.825508429399672
6.578276491759942
7.123591483074357
6.363436801845177
6.5353421757866155
7.227690671186702
6.44770286877182
7.087429731490739
7.716768156342764
7.7254731480491134
6.466346140517619
7.546299862821946
7.50667890862742
6.486360423662558
7.072691978456843
8.244612517684073
6.786658444914325
6.508758456109696
6.827652189132082
8.45920118659856
6.850151928771524
6.722133572377059
7.929801827768797
6.224071641071343
6.556190815685384
7.627292274973404
6.5699568222363975
6.937090313757928
6.950059397594991
6.880865482737376
7.184288709962956
7.863203650227012
6.059430763586106
6.710977418848202
7.193851281820276
6.656347996301218
6.999415362002559
6.71943875828911
7.093043663211215
6.656367515755648
6.921783867533844
7.2078549429439915
7.201067900690563
7.878958228662092
6.956604247774133
6.877490238849507
6.5652305264876505
6.706743512830748
7.500270972049287
7.694746633721666
7.725302166218391
6.998756576308218
6.534327726425998
11.8629287335236326
7.287074695197782
7.124564410821758
7.071349811585561
7.72804675341427
7.183753598120136
7.240219175580885
7.012756404603509
14.923392373565761
6.374829628691495
7.3691322109694175
15.408936135213961
6.747340378641583
7.381513944485749
7.121276284893454
6.406257096280708
7.036655041671823
8.041188263039613
6.274164386463792
6.756402145489039
7.945651206783729
8.07784176100661
6.3509688197110865
6.912234757479358
6.2630085943314535
6.74911359397434
7.177616846614386
7.264222668879522
8.043219091139381
6.960887478301124
9.287635949250754
7.126800239930717
8.77177807880564
7.720624130855387
6.597139920956967
6.719504114121606
6.076427231517755
6.244000759863025
7.489747826281309
5.940102088650422
7.820476365277326
6.643035657507408
7.344719499694584
6.2898904628037275
6.823987596096699
6.8056742081589
6.179413112582503
5.803904665913491
7.158550245228561
8.163166902527562
7.194211087309968
7.796362500134162
6.222859040285577
6.660986558648287
6.8310675823837546
6.067972471202814
6.9482190562247395
6.690818716813317
6.520344704286711
7.39969074594044
7.933806152702325
7.386648903349309
6.7524533879329285
6.43733739779066
6.999204972583153
7.196724095634505
6.9655107665966645
6.890027443811189
7.583743159817424
7.168613413913377
6.783002527185178
7.460486712792697
6.559572214574303
6.676730460742265
6.514999794359603
6.8001788779125345
7.038961121196275
6.984711805981282
6.370834737920964
6.248504842243088
6.709318471703119
6.33969445965021
6.284425542985119
7.341181813373196
7.876681444041392
7.5086051222539325
7.442822321429365
6.645018317329258
6.783625854985386
6.372795528763783
7.2988079897650815
6.361748214553645
6.4196145491986805
6.742359857335377
6.383172116144244
6.880914296273468
6.890342869061771
7.442146960656543
7.135661164345394
7.148422898499388
6.41408943316263
12.107879500192223
7.0878348208393875
12.1911758086904207
6.829610819412537
6.2761565537802735
7.936699132188131
9.363479330353213
7.172452450830545
6.668616471070466
7.298966274128639
6.581917422943814
6.45884923759917
6.153959547731649
7.059956078443392
6.44260542049751
6.298241620048509
6.523376351299228
6.355188552167169
6.467158549462567
6.693601378527462
6.879430471486974
6.72353781165535
6.81141916203584
6.4461101422954314
6.362203426931671
7.554546033029561
6.2255728184785495
6.578702534063176
7.368374167016324
6.677461886899605
7.3076494634834175
7.120078101088197
6.203969319331403
6.383405274392803
6.94048781258628
6.95428855871702
15.1210580874441565
7.542029544856461
7.531676419367904
6.58045388759081
7.506893879648938
6.986383108197744
6.3452964630027155
6.605899725751455
8.272402923288544
8.65453658184182
6.702180608854702
7.7131982773337135
6.480022536288725
6.642851999446673
6.413202861555196
7.706400610655301
7.108590202058917
6.6056961283392495
6.410598449641027
7.063454287092363
7.06793677456393
7.078974589817805
6.649681530912503
7.073912803294605
6.600385525094962
7.329363364216855
6.190047738430444
6.911614708691136
6.6835252166523595
7.559374067286076
6.358630856356188
7.37118530891682
7.264253235546962
7.201707382798375
7.35082682766263
7.11826104520685
6.53569371160995
7.162533884868121
7.525488976725927
6.847685703098046
8.080172485428513
7.741623335698471
6.017624347672238
6.030706873572291
7.393084263238135
6.957278983782427
7.31561394409292
6.93796601018667
5.7633749757607875
6.309426302253907
6.950443695833886
7.376011979913105
6.390233088341748
7.0899004528383
6.748242135091354
7.0903117238312365
7.164151851823621
7.027814148893575
6.848826954452792
5.891464703417475
8.002411915848397
7.156571739580056
7.864101441586929
7.808228646524535
6.425103989155119
6.356333357405036
6.934207480869511
6.265518078867877
6.523823552848066
7.0019883510177445
6.729398113736499
6.1798621924133785
6.776635410406181
7.535449026107859
6.9949170437315615
7.318990058673931
7.266880089510029
6.8826042076130785
6.806765888995297
6.463839809160814
6.808653745688647
7.706656822617132
6.323854202908132
6.830304695566422
6.521854179889215
6.486728133120112
6.770146747008084
7.052039898273941
6.942875493221628
6.589726497058516
6.611593758695876
6.16334113466322
6.479318892228148
8.119500236357728
6.773977320303108
15.454637504543426
7.04502113722768
8.144751780436701
7.477297688909555
7.84889350121603
6.302652922926158
6.546287654208673
6.407850717863863
7.3388621662890765
7.116268177289168
6.821621373929867
6.685842622615038
8.294347338778893
6.920658685811787
6.824417421145579
7.866575223999081
7.068342232313887
6.704980277690579
6.7510855461440755
6.965776570413546
8.372791877283086
6.548162712605547
7.348256205292539
6.135321710938586
6.677610683352683
7.5924701319713055
7.328211241671102
5.802312397727223
6.755786032892365
6.762825916111758
6.78240629200325
6.338306481040911
6.919505529949419
7.202898573685446
7.4703576937842815
7.840594245853054
6.579445722869989
6.507950651996558
6.996784704736345
6.303549313950849
6.207922879496864
7.391966995947541
6.823764352630457
6.834022760344723
6.637691442181938
6.375544414910269
7.001576076325476
6.947971942484956
6.274642762613626
6.8087163070053265
6.126943363883337
7.0917903273345315
6.449315988081869
8.297596023022999
6.612783278153552
6.249895692763049
6.619471217701617
6.4234600885448785
6.64961962207471
6.884555857630491
7.09574002650329
6.750653619304235
6.11064560183251
7.304398347766027
6.766909798310117
7.384938505726778
7.752660082530088
6.518110097448281
7.99349088649237
7.742898649591595
6.67848446543179
5.922659497483398
8.259584024465722
7.19402259230152
6.207811884925938
6.643705453212417
6.266249444447814
6.658215116459213
6.319050758220001
6.868640241505897
6.9118576219030405
6.835170105732847
7.358154085913283
6.931018589871074
8.168647803292334
6.8775381323658795
6.45444494872528
7.41593195348959
6.269934522342814
7.514132017182537
5.920044096638887
7.043272634788078
8.38605676062902
6.789534071302947
6.392696949386054
15.464540734241617
7.280483371836478
7.629269577196286
6.84195073519748
7.41270903943246
9.953486724616525
6.936712199177011
6.812928747584701
7.32843119815327
6.148329106489141
6.78914854945623
6.732082758833652
6.579775909422965
6.933744494266088
6.671318776148175
6.857847547288513
6.89856150129207
6.592995451892054
6.4138256358056704
7.242426869857077
7.121059648232514
6.524950167497517
7.122955187223343
6.9773302242913875
7.109657478918278
6.342012423879403
7.6937274146194525
6.201651257470552
7.008517536985638
7.1680096603623245
6.572869521258178
6.338029837752195
6.994788188390404
7.569626819449207
6.7164254548694995
6.448079645815661
6.512408844848164
7.207720073950679
6.583553375898879
6.488703807836929
12.2530535815718498
6.186648461531944
7.321476311297748
7.794793102863322
6.623208835193027
6.82884088399939
7.037530180539579
6.715547419433084
6.9348483970214625
6.825542181316796
6.484329726066104
7.418157551922436
6.046454411982219
6.329751012374533
6.515879121635608
7.364621489694571
6.922567066365427
6.376350350645086
6.538384051021333
7.097455550650733
6.329205982881404
7.377889840431046
7.602964986237838
7.696662275427821
7.460073311425211
6.496896692949031
6.450331479120244
6.441394891803684
6.385070378177428
5.981275523818355
6.873494594949208
6.36209187715212
7.350251033527229
7.398909571317425
8.279182581012735
6.547323297910509
6.573144703630802
6.710365430929478
6.587657031619401
8.560781678847254
5.74751259029039
6.836503534395612
6.400877621866807
7.068162217702831
7.474368660826729
7.622508435076846
7.66225807165955
7.577942568285627
6.545568331192483
6.693311159962979
6.864722631955052
6.691188336371804
7.039868705993734
7.636758049691293
7.006059662462615
7.499017358475534
7.527461401290194
7.7757348052205915
8.993152485631965
7.210190555674706
6.944789109036968
6.5328353918106234
9.413467975926523
7.001020231358972
11.6260777848781829
6.302575344920156
7.601556242057276
5.9744477616416845
6.620175538601198
7.024563133202357
8.179580182901965
6.581352514197782
6.422356405316383
7.197702292564032
6.803496902866873
6.459575860483453
7.663951200392296
6.645302358652121
6.483470714152274
6.539305505928778
7.685631484850261
7.36542054208171
6.775347919975091
6.732511803130324
6.28417166363911
7.419370105195314
6.930238771649513
6.257079932161811
8.05477860704902
6.554872936645554
7.449181224757087
7.306724098709456
6.9216350928839825
6.366702017699115
7.010840155905474
6.5428257225959285
6.617849149497431
6.480466670340806
6.751302979769253
6.567026040674028
6.4631823955902865
7.826571106612082
12.1445924398799736
6.691282437588022
6.8268618507633505
6.353678696833466
7.582613201966768
6.291873385188377
7.03091454546359
7.148285731009205
7.459040252369621
6.707916582957574
6.847817204292617
6.885733766979841
6.82217468363008
7.883156732466485
7.046284162291678
7.6832667600297935
8.569362837073513
7.022469531463971
6.923193102219679
7.197578234509234
6.503632861189873
6.904233424429298
7.030741822767907
6.872295823563047
6.0320730904956905
8.081013180004161
6.769638711463037
7.046956455747433
6.614426887338372
8.212331554223091
15.599665123880893
6.316629021067056
6.239075831262076
7.399417558452685
6.51594834500724
6.1705784671737165
7.118380347057912
6.968648108213624
6.852097224230144
6.3732971151239335
6.758990155325416
6.669972264122754
7.5795852022510966
7.128805068158721
6.718879148866717
6.229605346492673
6.19590766454363
6.57889966503848
6.308330407697584
6.661721408806159
6.774114015999981
7.192684655025434
6.079966568758251
6.820827178988747
7.328033776353037
6.908032313310804
7.79276905676433
6.106393444156551
11.4944867489361089
6.981663605525535
7.739016004829147
6.530003284786767
6.879198987276475
7.589676982811749
6.441150770249538
7.6395638892658
7.399541220646729
6.257161608871435
11.7540562473215981
7.14293694893708
6.477879267033535
7.136952024197913
6.663411441420529
6.919533194505795
7.117195484085026
7.118990182811455
6.467162281682898
7.1145781819282705
7.17731129955675
6.344718033038659
6.673189123512017
7.269691674276738
7.550401831191098
6.492781729302122
7.7358236782951755
6.77684190223298
6.822789464900987
6.688815178032368
6.6968171848660925
7.287893774813323
7.643653563190304
6.783681679376885
6.335636719247987
6.232245935941438
7.3187073799802675
6.366315790369903
6.527737051223109
7.894510726501123
6.39195528943392
6.356589194334379
6.515709335502524
6.724356701914011
8.287193384559533
6.09111066076735
5.6675256825322
6.162278390991652
6.936162045617733
7.607453532267218
8.227001695081924
6.282977361831917
6.132328449354909
6.641924265716659
6.629517979483522
7.021822645528441
6.270200427004095
7.96734142347014
6.871394729199091
6.430502738283334
6.54854939201978
6.982015705059215
7.456208645178983
6.655399118386275
6.618737659495355
6.5004152371981485
6.991145876430336
6.718002968671955
6.679659360406878
7.120883112375965
6.4962389053818494
7.376304652619426
7.567478634864289
6.531292534349536
7.295671349746209
7.058940071427672
6.686585559336844
7.932470204069558
7.521474938841508
7.242937711073418
6.623496614806348
7.749119282564105
6.301240021191515
5.843687216097781
6.590214612754057
6.554243311858894
6.764334902731018
8.429854177527444
6.764031164635484
6.779702372853993
7.667077631677557
6.539025445394688
6.688313858595016
12.127061371167857
7.252107173611884
6.531843984896709
6.922711404415396
12.0490536131069144
6.523477011259741
6.415905065658242
6.754234507500903
6.088958126023199
7.209506300750493
6.82487253116565
6.380767111816208
7.944556305815647
7.170415691473661
7.14409375961778
6.313324477626329
7.6881431663553705
6.950902166085846
6.405872707401421
6.690668487913758
7.681394576130475
7.55504539533139
8.823909028020324
6.9712868883772074
7.398295142425162
6.385033355063312
7.4870549124495644
6.820840426555468
7.314873112724619
6.906060663584008
6.325217507737544
6.212719175299646
6.825300358423402
8.565157179034731
7.155150270153788
6.548008118851479
7.324038547502879
6.813038812147066
7.758187067646245
6.84751353561642
6.989841438399467
7.400263028505985
7.398872506021686
6.691516715720288
6.578524827921671
7.775462335095957
7.12566235453645
6.514819343383872
6.628294108580446
6.693973497444588
6.79510633443839
6.464403377840571
6.355355845825931
7.854808577080921
6.844856508933143
7.642832915066901
6.4523043611423185
6.641800566394348
6.055656982884449
7.3336882118568285
7.4405262092353945
7.828093468104186
6.845780329590166
6.264050629471994
11.5758072241443337
6.746420356889155
7.058472190055451
6.784044896883521
6.48328075484115
11.7602199286587612
6.247969026808149
6.777950760862725
7.251506715206708
6.250429322273889
8.477634882301214
7.214248729762503
6.732805337574273
6.216007117610435
8.28245317879605
6.314676116513913
6.765354440313528
6.162560043958761
7.68573111219647
6.735791872377247
6.161918918832813
6.4716433183915685
7.250762520138021
6.580867372909879
6.307110526074418
6.293606412555016
6.8125559410406105
6.797164750648792
6.51571512056169
6.757398003158565
6.148732781961727
7.10578633471759
6.345213460054735
6.5130615868908945
6.870405411944511
7.010540051392492
6.355949094840176
7.1744047323685525
15.411791658897866
7.1913206556501645
6.981212762136572
6.682567211224449
6.96493592008328
6.663561571179744
7.271888221563428
5.7610966554813805
6.552345678111898
6.810176044162442
6.959221303806754
6.651027197831457
6.679662641198899
6.021318261768864
7.511821094444426
6.455192806149896
7.474718486055971
7.263988181554882
6.294981060845655
6.9446768015035705
6.641163745406205
7.062696062780357
6.64904955056046
6.990443615094712
6.701493140523665
6.5107956380655105
7.942340728935852
6.544775712357466
6.685201110452242
6.827377661406921
7.0725130738884
6.952545102272741
6.299466041934094
6.786075901778805
6.645411168565777
6.947936897544652
6.47777063650263
8.114499981288539
7.145397161570315
6.715346702420884
6.978466738466853
7.2076207862523365
6.519616380315181
6.705832875973845
6.430566502950597
6.63109944051941
6.268141858868217
7.282921027926646
6.8477780933528445
7.222052026593563
7.114578158676938
6.9727809281492705
7.39585239630941
6.446681361829453
7.2349038397524685
6.446634410435839
6.5863772405931424
7.126133920913603
5.988040838724726
7.4087612728383085
6.958944382930671
7.5525392013491555
6.5008509267113554
6.723504146155436
6.558813033486144
7.319697043782912
6.305282718259626
6.862508016519408
7.570939050383032
6.434452700709664
6.498225930141933
6.4714139765933485
6.874154739590806
6.523266390109882
7.833594853793604
7.083796476622527
6.192584319345916
7.016973611663996
6.690137701705837
7.509645990680004
8.510538379064005
6.482344493828769
7.555537860992709
6.220722461486622
6.390437557082334
8.747212571020532
7.2248983565229565
7.1798298271699945
7.1223401338192955
6.984151334874838
6.449313124106539
6.376819231302273
8.513934535981319
7.516930627625373
6.899811887234343
6.817929359687856
6.477520730654611
7.65005330045439
7.548841330537508
6.651314802401484
6.326508011942992
6.294573808878502
6.840952232004707
7.802114187244775
6.053696423574903
6.451460604915155
6.236753838097633
6.859467718908424
5.882159364978619
6.674505635736803
15.33279184719777
6.75577563295734
6.855262238337162
7.073905313813722
7.697658396874247
6.323910667336759
6.663194025324899
6.071150367075413
7.911650402042575
14.813847502294171
6.154035145366913
7.158030936078157
7.1045635993968475
7.2590499010113145
7.43078188035738
7.2902243611670245
7.569392913842232
6.742716563821288
7.069722046348976
7.808698350149994
6.55857286230078
7.042422809218817
7.30965020737116
7.19392954118444
6.638660465018248
6.888507074717893
6.687785667435655
6.798607635421045
6.664935498597484
6.6180350631366665
6.966667544934772
6.124286020292281
6.539982576490659
5.910939682370522
7.080010359051907
6.8239472792696345
6.809557488793473
6.403196076978378
7.692728358523523
7.419421942868907
6.517907803017798
6.756388393634937
6.718486618616201
7.3991795005912895
11.676214882825668
6.164508869417404
8.251171276331162
6.52175698119324
6.8632681682562335
6.4507447768862525
6.984912183549868
6.205354477944049
6.586310178344985
7.319369522795832
6.70266927220006
7.307673860129107
6.942697689148738
6.016497812501136
7.293338087101776
6.600284393737785
7.334598787472089
6.231755522875006
7.677569731213691
8.593683483470892
7.497510040104625
6.961746503451909
6.721277742180201
6.832662494199456
6.43017911669847
6.340828813782875
6.583399650764195
6.428638958466118
6.598197693212762
8.002132417947344
6.793346858170785
6.107479270451937
6.682311304770806
6.7835535729588425
6.369907768965296
7.040002389673825
12.2742720741375995
7.242968758627022
6.332498419688651
6.280828573979175
6.840168968092531
7.392652516804734
6.575230818144223
6.542344593427941
6.054986781356783
6.58182079607993
7.994073709602093
6.755560119747018
7.309524016771851
6.204755968258902
5.995182720757321
7.238885071133547
8.616682098804835
6.986233976261244
9.67036324923042
6.631894471881461
6.883048544049537
7.201606666852864
7.503428213672864
7.356335912773346
6.469093573771863
6.615053412777475
7.176926937858594
9.52611297299299
6.672727390462185
7.018185552443576
6.276770827146659
6.587091193335852
7.148505944723511
8.574357361116144
7.270907657341337
7.283782537551986
6.101958821953214
6.48578965674547
6.4995729533919135
7.0046802988802295
6.00030848018283
11.651025918453073
7.081573117327273
6.7312328908555
6.801284858749991
8.049867423332135
6.761767823789096
6.50847488487094
6.760212926061783
6.084369273011786
7.5932548090507
7.0555161704881275
6.415257743089207
6.704393203322075
6.751322603624786
6.5787617082000835
11.7731928221220827
6.639448309187323
8.411717901576406
11.390391717186446
7.082425242120553
6.710275544716573
6.391132450383797
7.268560605102069
7.1927502529906615
12.1165584308390883
7.223041192918663
6.516889642986271
7.972571259988691
6.940352984807271
6.123299896488485
6.163723177054948
7.056032235349456
6.586503579567056
6.528629471440392
7.242749853132007
6.693113077384798
8.305038181573206
6.91450109751117
7.0422106261507835
6.845641148361041
6.92360801740185
6.408009298328476
7.761334750351797
7.080914183130455
6.8824998793011565
6.8297696866828055
6.728483870501428
6.831548840115609
7.304918296724174
7.411723769674611
14.099653016685845
6.117658602598413
6.787340822122073
7.4755377941311885
6.607409108676108
6.0331219841899975
7.878102145034718
6.109301523565751
6.906881226517145
7.446624295901097
7.088324270087699
8.299643843943437
7.1385612073606755
8.380350603306201
6.770642161834695
6.683392961034874
6.932381052275695
7.322759861043738
6.43622111033108
6.93293361191425
5.989598622245951
6.284466024877744
6.50247284360886
6.919789761536212
7.093359910752179
7.10850667939275
6.755862870134325
8.17472706555728
7.16294223231548
8.647776856728619
7.205077883546581
6.608164432091995
6.541834783936712
8.632299800016908
6.842549721471041
5.858171705240345
6.137619687808392
6.431232084818604
6.105491279321121
8.24637564319972
8.605511414217688
6.0290888730841585
6.595117154822446
6.932130810718408
7.335788598960936
6.920531287724826
7.9940026021932455
6.16262845962793
6.981677487008135
6.4200258594022115
6.619603701878637
6.866942774166414
6.7391515395604085
11.6757392628900099
6.000092958534327
6.176054738353595
7.4364723146057035
6.947653576262868
6.5902801239212
6.53265071974656
6.8610999777216914
6.519698518211839
8.57246470875083
6.493581191407598
7.252894355581936
7.182383982959243
7.021809666585667
8.739867156077716
6.9370514143511475
6.269337902557379
7.872105532413064
6.784967247075053
6.394019278488192
6.884396505443464
7.48978661232286
6.481030800601981
6.820058397497867
7.264795110626984
6.967223027103139
7.075654224002071
6.928333800487362
7.709247027513483
6.543608037257604
7.9052412498740665
6.620845033243329
6.887829122439813
6.019613209798766
7.3067839142386575
6.6197630136050645
6.726170138871779
6.509234570753743
7.442855418841142
6.890351730429245
6.994374754367311
7.239343189852188
7.619641557100195
6.215497548355717
6.98577249858329
6.780321254515581
8.087840682728762
6.6377119433049385
11.2869640672949594
6.218318208423424
6.176867631387768
7.129288639794666
6.820199835156232
8.117920866381917
6.891299640646199
7.060825915623355
6.229246936825951
7.704654424777841
6.842273904407092
7.847659113753299
6.789166780177458
6.3045972933123
8.012314532647995
7.117225933783732
6.561858707075498
8.041830897644756
6.647528319932559
5.955382680493363
6.472338930436782
7.120022934557749
7.758090477247326
6.727243212996213
7.145743739108937
6.819084209409064
7.155032757221362
7.2654599734543535
6.45398180596147
6.760494019436153
7.600849777952284
6.618986172002976
6.396865032543044
7.347604758229588
6.741649121634612
6.453315774448233
7.049181364593262
6.940740329978525
6.561629228287836
6.979686935738217
6.220954929553584
6.542307304473068
6.6179681357891305
6.734793778086177
6.5062863006064875
7.604920653410672
6.060554466460023
6.2893073245610935
6.614082676145934
7.842931218087904
6.222955420021531
6.250356000027361
7.0787561812309505
6.926397256632093
6.845445679696595
6.6124196173599215
6.654689126568187
6.82673837051276
6.267668128330352
6.363215247997274
7.142839450635833
7.324532289595112
6.967062067453814
6.800432408341638
6.522596052939017
7.058558965688913
6.551554381472909
6.488356829752702
7.273896232807646
7.956888688682803
6.441442198686385
6.410977300640921
6.744925919250169
7.657264566413995
8.324886207388479
8.052183182407337
6.482326671837816
6.617183586982702
7.0706973535748965
6.406239742477575
7.6105613929283304
7.981564308266131
7.202114728338426
9.021558614623217
7.500023073920024
6.285652897635636
7.3933904977320815
6.538939837118622
6.418593437780399
7.665615529078174
6.300834044358328
6.963456869363353
6.544436769159651
7.050241810423036
6.860154012811364
7.0768199457410335
7.151085402780462
6.305606550310664
7.6207782676408655
6.532138587257344
6.967597835485822
7.245891792499901
11.4180024100470896
6.957995443005035
6.826568020298503
6.9433576065632545
7.9581610874232
7.292798906087054
6.786403854204592
7.568232408763563
7.628468270438884
6.992180516753187
7.299584054080298
6.6874363330203455
7.571550003507461
7.685315622362358
7.279411082090723
6.291513277385591
6.653962261054087
6.843093063812936
7.468502048088739
7.039560578056957
6.367623934318276
6.43063645253967
6.4263824282023405
7.0946506025054985
6.77311963549694
6.351435824266677
6.610052667940243
8.516073090013412
6.536770629213544
6.705883063240371
6.175753331608451
6.886299476340101
7.075071647628106
6.52234516372706
6.544353332583206
6.544416634417404
8.116513517391578
6.626295727590062
6.679444114699457
6.381382830185751
6.804628628271387
7.02368976243364
6.478449415758168
8.89064269608033
7.116260955229827
6.63617463921014
12.8723214930013303
7.096913678462693
6.978694460623367
7.285153710159533
7.1483635248666415
6.920218397095629
6.7956989734784194
8.113441008722093
7.186898566839094
6.4271851911150755
6.490648708345903
7.374414939437184
6.692079205802432
6.278685258750341
7.006532552987897
6.811110843208789
6.763441498626277
6.947734272739497
6.544695582857511
7.088696176632925
6.717330375281645
7.268026323636347
6.552268975288283
7.192007615663144
6.680984862518185
6.56407222658861
7.471357345507615
6.483206322450014
7.549271023553687
7.588822596235857
7.931152070464773
6.686834089697846
7.193666632633562
7.270651726217541
6.381082029022927
7.286717124258033
8.332101513562149
7.246115416631924
6.460517332743767
6.835585883549824
8.160723815911137
6.690616068801988
6.909267018971109
8.317924305344265
6.539410995226968
6.478600832434703
7.502521717699335
6.679928211103482
6.506573774991689
6.832002377976581
6.75753466929416
7.75574789098095
7.76028196970111
6.515523886344002
6.852150766942339
6.919017954652892
6.870747457905649
6.897181486523431
6.671553654141833
6.913329178262488
7.123869522046806
7.330749751005632
7.33940780675231
7.388805530725328
7.487505209005049
7.034339628001066
7.264861799282564
6.341265541386261
6.982288887099445
7.671702329475327
7.678955333481248
7.87514169579059
6.586348093138433
6.854355242380492
11.851374899620718
7.283054081776448
6.756704871227296
6.8983995335627615
7.73399626390116
7.405094067033273
7.362188052422037
6.687193852427884
14.40108037129481
6.604019023904276
7.007760261877995
5.6970505042325605
6.54292779200108
7.734137734008031
7.603941210591752
6.498724212399256
6.773153822120496
7.905917759796238
6.281234422253671
6.317945444736586
7.896925832325656
8.026625437947983
6.553171838302316
7.043692876192166
6.424576422787757
6.223643328558637
7.448040702402528
7.17743678171124
8.233780120085072
6.619020078068648
9.445800473704768
7.141517118449845
9.052060618317753
7.612521628461738
6.843283566420247
6.106666053997398
6.181479220936984
6.067016100486579
7.535327116726589
6.353290598184977
7.705817250015498
6.357733068976771
7.577727580260381
6.569923155322928
6.353501537659993
6.8354431027404585
6.260143114662029
6.194244498723464
6.867777005579937
7.713011181018054
6.972461555660104
8.27556142945108
6.562493378662579
6.898917586110838
6.843047224117578
6.5137278996700685
6.971342296099499
6.991359245965146
6.801078711899558
7.21423058704595
8.311010680245458
7.155740971782915
7.1263203208067
6.487022825493065
6.367228626372045
6.949773509165203
6.991288180134928
7.118313124162751
7.7217390475374055
7.371973866772717
6.689617104874458
7.374996712658495
6.883631958796798
6.741522154506308
6.202163389487906
6.859161417779473
6.99270507904056
6.77214854029871
6.98373872877992
6.865823252437214
6.641333290402084
6.602177275561021
6.235543777074025
7.230130850771823
7.985093202044783
7.486856522044304
6.925585326950814
7.071401259804277
6.682866946598349
6.368323643806859
7.079521805370776
6.6625221855631125
6.289878840906988
6.687311280999861
6.515767850614039
6.724228766798962
7.107052376022608
7.649560851437308
7.585038992371892
7.108572450400004
6.691892311090172
12.1113210679770424
6.812466878386437
12.0808642065801655
6.310309158159588
6.660856889958201
7.88992493026862
9.336153320702657
7.091234874251931
6.641653727227841
7.041335365158698
6.938219822856118
6.768699401428149
6.339016107364869
6.805327665011177
6.775096303892952
6.642546799899226
7.0452134835414535
6.374483564065676
6.4010525335239565
6.1921648293803395
6.8149957755631
6.402338402104066
6.721698782569053
6.131865473094425
6.03072685186326
7.4652644085548125
6.218182076036632
6.783088045835534
7.049725509397299
6.408868605828309
7.332433532014034
7.409178480745629
6.438191749397732
6.800829471761695
7.485933014625418
6.500226396445891
15.309850879951773
7.244497585598367
7.299642293742194
6.720138395906135
7.2776223629672145
7.516539018190643
6.356500161326882
6.283923107011467
8.260397337822779
8.2349221349518
6.7575849019683405
7.100420555074414
6.219490560218734
6.604846437784931
6.8408836891658265
7.5980271571954505
7.443666796795516
6.803127015011983
6.574818657259942
6.691216500666517
7.067568914741477
7.140861978862709
6.698242804813718
7.117482296063135
6.22105363297825
7.87914169467126
6.727612004557166
6.911645556656079
6.795584042072128
7.619595686897027
6.353941194462975
7.075916033761891
7.590517194246696
7.7376259077621485
7.330626393081245
7.084655590598854
6.6978563802093944
6.767439326654333
7.443173983498305
6.583640267816117
8.034856168744366
7.91453183148739
6.379708562129915
6.183920702608242
6.886186695116004
6.922794482480037
7.4437337371065295
7.11927374549084
5.832606291724506
6.170111357391657
7.443744312909672
7.0641662236072875
6.6051715879741035
7.434874228708443
7.390771045488719
7.2292673159656715
6.891389518555313
7.036308223567552
6.590360668599739
15.488912725997577
8.328806466780396
6.893053232679859
8.036824978462496
7.310170903740153
6.206450770488366
6.9360812068910285
7.149262596277425
6.395720692249474
6.6692804513932025
7.247091852309189
6.915339010119976
6.463348391142196
6.62124246395614
7.506318947484047
6.539062795325986
7.212485457872035
6.965864926399973
7.086940198249933
6.322216687669482
6.567223964134294
6.848426634274986
8.098566259968178
6.413889331716143
6.5330302776177955
6.876764491910618
6.6210422926349946
6.513922659476401
6.712421887995905
6.583821282251424
6.153110607750623
6.489025307221359
6.647545830171257
6.5885412239214665
7.950939233340998
6.690884921432686
5.917324834804422
6.974122986940763
7.893559126972444
7.373326522965825
7.87164334417931
6.668055910258319
6.327272387974974
6.650255758110248
7.3776212584006355
7.19546203322831
6.655188896364576
6.364328450029732
8.183364261363176
6.98373005924439
6.774673275429792
7.710472311546383
6.557446496359292
6.4470725162214
6.596362080711232
6.858400725205828
8.070094488242443
6.394939209633676
7.017979185912244
5.7906660914814365
6.495563957086977
7.607871188116166
7.13107554112695
15.480605924480231
7.150476726387321
6.42922590137031
6.698344118337304
6.800135992776472
7.384728895194265
7.332611352978814
7.243599250689732
8.058657802380191
6.512799824171541
6.609066370305413
6.336019347559335
6.416487825129276
6.385527451193564
6.735396356379128
6.694010659745857
7.4629892237245
6.3783804500615755
6.707177601387467
6.8843216858422664
6.518414357870078
6.118314549407873
6.6874798923959835
6.729481278293594
6.725523617460621
6.554930902023301
7.843794416165274
6.103164560055358
6.262956077652986
7.132748286015709
7.083903346074188
6.574570334333897
6.876318970564995
7.14423959420072
6.343769462026628
6.2623324782855665
6.847990359226289
6.467283713687678
7.565815664665942
7.790046334754921
6.696832871556841
7.630934006292878
7.111272379343096
6.849925764467963
5.846635634665399
8.12491415004407
7.130651186445257
6.6908033956308905
6.385314152900782
6.349898400050125
6.717725635604103
6.345157796155604
6.929042179099364
6.9870619272788135
7.2585890897954926
7.258534076010402
6.548059010031042
7.981277423811276
6.614796523560601
7.00848679874327
7.261885479973422
6.469595898863284
7.5606479976426435
6.470207687862146
7.192251580948538
8.759842479182147
7.052384420906397
6.696798141585694
8.184740717520091
6.019534122926754
6.246192424287209
7.58934116980413
7.219478950724551
