17.7
17.7
29.4
29.4
15.6
16.2
16.2
5.7
5.1
6.4
6.4
7.1
22.6
39.7
39.7
11.4
28.6
28.6
21.7
47.2
47.2
9.4
9.4
15.5
20.5
39.9
39.9
9.5
10.5
10.5
5.9
24.4
24.4
14.6
14.6
12.3
19.6
19.6
4.8
13.2
13.2
10.1
10.1
6.2
13.0
13.0
25.5
25.5
15.2
16.1
16.1
14.4
14.4
19.3
19.3
3.1
16.4
16.4
24.1
24.1
31.2
31.2
7.7
7.7
9.9
9.9
3.3
11.0
11.0
16.6
16.6
24.3
24.3
24.5
24.5
4.0
4.3
4.3
8.4
8.4
13.0
13.0
8.4
17.9
17.9
4.5
11.9
11.9
3.4
3.5
27.6
27.6
5.6
5.8
5.8
28.0
28.0
8.4
8.4
19.5
19.5
3.7
12.9
12.9
19.5
28.3
28.3
9.1
21.5
21.5
22.8
22.8
12.6
12.6
3.7
15.6
15.6
18.8
18.8
7.6
7.6
10.8
10.8
16.3
16.3
5.1
5.1
9.1
9.1
12.3
12.3
8.5
20.0
20.0
8.0
8.0
29.3
29.3
31.1
31.1
25.5
25.5
16.8
103.0
103.0
33.5
33.5
17.0
17.0
11.3
7.8
10.9
18.6
18.6
3.5
7.1
7.1
6.0
12.7
12.7
16.3
16.3
6.2
41.9
41.9
15.0
28.4
28.4
3.2
19.5
19.5
5.0
5.0
3.6
7.4
7.4
27.8
27.8
13.4
13.4
21.0
21.0
21.0
21.0
12.8
12.8
6.8
6.8
28.1
28.1
11.4
15.2
15.2
8.0
22.7
22.7
20.4
20.4
3.3
5.7
5.7
7.9
7.9
21.0
39.7
39.7
39.4
39.4
31.2
31.2
7.6
16.8
16.8
10.7
19.1
19.1
6.3
6.3
9.7
9.7
4.2
5.4
5.4
20.8
20.8
12.8
5.0
5.0
13.6
23.5
23.5
11.5
11.5
40.6
40.6
18.2
21.8
21.8
19.1
82.2
82.2
13.7
7.1
19.9
19.9
3.1
17.8
17.8
19.6
19.6
6.3
6.3
21.4
21.4
10.4
10.4
4.6
4.6
10.8
10.8
5.1
7.5
7.5
12.9
12.9
17.9
17.9
9.9
9.9
13.1
13.1
5.2
10.6
10.6
6.7
17.1
17.1
10.2
24.1
24.1
17.6
17.6
3.6
3.6
7.2
7.2
3.2
9.2
41.0
41.0
9.9
9.9
9.2
9.2
4.9
4.9
53.9
53.9
18.4
18.4
21.6
21.6
15.8
15.8
15.7
7.8
7.8
5.0
5.1
5.1
4.8
12.0
31.3
31.3
21.3
22.9
22.9
3.7
43.0
43.2
43.2
7.9
7.9
5.4
5.4
8.7
8.7
5.7
5.7
6.5
6.5
4.7
4.7
12.1
12.1
29.7
29.7
5.4
5.4
22.6
22.6
6.1
5.1
5.1
59.3
59.3
26.4
26.4
12.7
9.0
9.0
9.1
9.9
9.9
6.2
6.2
19.3
19.3
12.4
12.4
5.8
5.8
3.7
3.7
16.5
18.8
18.8
3.2
9.0
9.0
41.0
41.0
7.9
7.9
6.1
26.6
26.6
14.1
4.3
4.3
4.6
4.6
4.3
7.3
7.3
4.7
4.7
17.6
17.6
12.2
12.2
6.4
13.3
13.3
4.2
4.2
4.0
15.9
15.9
4.3
23.1
23.1
17.7
17.7
46.9
46.9
21.0
21.0
8.6
15.7
58.2
58.2
16.6
16.6
5.9
9.5
9.5
6.5
6.5
4.0
4.0
8.1
8.1
9.3
9.8
27.6
27.6
3.2
3.2
13.0
13.3
13.3
17.2
17.2
5.1
21.9
21.9
14.9
14.9
14.9
14.9
11.4
11.4
17.3
17.3
4.7
20.6
20.6
7.0
20.2
20.2
5.8
5.8
6.5
6.5
5.3
10.3
10.3
27.9
27.9
8.8
8.8
13.4
13.4
10.4
8.4
20.9
20.9
8.1
7.2
7.2
25.7
25.7
3.5
19.0
36.0
36.0
46.5
46.5
8.4
8.4
17.5
17.5
7.9
7.9
13.3
14.6
14.6
11.4
7.1
27.4
35.3
35.3
9.0
9.0
23.6
23.6
22.4
22.4
9.7
9.7
29.8
29.8
6.6
6.6
7.5
7.5
3.3
3.3
7.6
7.6
7.6
8.8
17.6
17.6
12.1
11.3
7.6
7.6
20.1
20.1
5.2
5.2
8.5
8.5
4.8
4.8
5.6
5.6
3.2
7.3
8.1
8.1
18.5
18.5
35.9
35.9
9.1
10.7
10.7
5.2
5.6
5.6
15.5
15.5
12.6
12.1
12.1
10.0
13.9
13.9
7.8
9.4
9.4
3.4
65.8
65.8
36.1
36.1
5.9
5.9
8.5
8.5
3.5
23.0
23.0
9.8
9.8
8.1
8.1
16.8
16.8
8.8
8.8
13.0
17.9
23.1
23.1
22.2
23.1
23.1
7.9
10.1
10.1
11.7
11.7
15.2
15.2
4.7
14.3
14.3
10.6
5.2
36.8
36.8
18.9
5.7
9.8
9.8
13.8
13.8
17.8
17.8
4.2
4.2
12.9
12.9
3.1
3.1
11.7
11.7
3.9
14.2
14.2
3.5
19.2
19.2
6.3
6.3
13.8
13.8
4.3
4.3
28.7
28.7
5.9
30.6
30.6
3.4
7.0
54.0
54.0
10.4
10.4
12.6
13.8
13.8
10.7
10.7
9.3
9.3
3.1
3.1
10.6
10.6
11.1
11.1
16.6
16.6
8.0
9.2
9.2
17.7
17.7
12.8
4.0
4.0
58.0
58.0
9.5
9.5
26.4
26.4
7.9
7.9
15.8
15.8
19.2
19.2
8.3
8.3
20.8
20.8
20.6
20.6
6.8
6.8
16.4
16.4
24.5
24.5
7.7
8.5
8.5
18.9
18.9
3.4
3.5
3.5
8.8
8.8
8.5
14.7
14.7
15.4
15.4
27.8
27.8
9.2
9.2
4.0
19.7
19.7
13.9
13.9
6.6
6.6
5.3
5.3
27.2
27.2
24.1
24.1
9.7
9.7
17.4
17.4
37.1
37.1
7.5
7.5
3.9
6.4
9.5
9.5
24.2
24.2
23.8
23.8
17.7
7.3
7.3
23.5
23.5
23.8
23.8
20.3
4.4
4.4
35.0
35.0
13.2
13.2
17.1
17.1
12.3
12.3
8.2
13.9
13.9
13.0
13.0
4.3
14.7
14.7
4.1
4.1
15.7
15.7
21.2
21.2
7.2
7.2
35.2
35.2
14.0
14.0
13.5
13.5
8.2
10.2
10.2
14.4
14.4
6.3
6.3
7.6
13.1
13.1
3.5
3.3
27.7
34.9
34.9
9.5
10.4
20.1
20.1
10.2
10.2
3.2
26.6
26.6
71.4
71.4
33.4
33.4
23.9
36.6
36.6
46.1
46.1
40.1
40.1
30.7
19.6
19.6
47.8
47.8
16.9
16.9
34.8
34.8
20.6
20.6
23.4
23.4
13.4
13.4
22.3
22.3
31.1
31.1
11.3
20.6
20.6
27.6
27.6
24.9
15.8
16.0
16.0
4.1
4.1
24.1
24.1
10.6
15.6
15.6
7.4
10.8
10.8
9.8
5.8
5.8
49.6
49.6
9.2
9.2
8.7
101.2
101.2
3.5
34.9
34.9
26.6
26.6
6.3
6.8
6.8
5.1
24.9
24.9
17.1
37.7
37.7
17.6
17.6
5.6
5.9
5.9
3.2
11.1
11.1
8.4
8.4
6.4
17.7
22.8
22.8
76.0
76.0
15.3
3.1
4.1
4.1
8.0
8.0
6.6
13.2
15.8
17.5
17.5
36.0
36.0
4.2
16.0
16.0
13.2
13.2
22.7
22.7
7.3
7.3
7.4
7.4
21.3
21.3
11.9
23.1
23.1
29.2
29.2
9.5
9.5
7.1
7.1
33.0
33.0
16.4
16.4
3.7
10.4
10.4
3.6
3.6
13.8
13.8
4.3
4.3
4.3
4.3
18.4
18.4
11.7
7.9
7.9
9.6
34.5
34.5
8.3
19.9
19.9
5.8
19.8
19.8
13.7
14.3
15.4
15.4
4.8
6.2
33.5
33.5
4.8
4.4
36.3
36.3
38.7
38.7
4.9
4.9
29.1
29.1
12.2
17.2
18.0
18.0
3.2
3.2
4.9
4.9
3.3
5.1
5.1
4.6
4.3
4.3
14.5
14.5
8.4
17.5
17.5
13.0
13.0
25.1
25.1
19.7
5.7
5.7
15.7
15.7
16.6
16.6
3.9
25.3
25.3
10.0
18.0
18.0
9.0
8.3
4.7
4.7
36.1
36.1
28.2
28.2
6.0
43.0
43.0
6.6
9.8
9.8
11.9
11.9
9.8
15.2
15.5
15.5
33.1
33.1
45.5
45.5
11.4
11.4
4.8
4.8
14.3
14.3
40.8
40.8
13.8
13.8
5.6
8.0
22.3
22.3
11.9
11.9
21.8
21.8
13.4
13.4
12.4
8.1
8.7
8.7
8.5
8.5
32.5
32.5
3.9
16.2
16.2
13.7
8.2
8.6
8.6
12.4
12.4
5.8
20.9
20.9
3.7
3.7
10.2
16.9
16.9
6.5
6.5
8.7
19.3
19.3
11.2
11.2
3.2
15.7
15.7
43.4
43.4
12.6
26.4
26.4
15.0
15.0
30.3
30.3
5.7
5.7
4.4
4.0
4.0
7.5
23.8
23.8
16.5
16.5
12.8
12.8
7.9
7.9
4.7
4.7
3.6
3.6
11.5
11.5
4.8
4.8
20.6
20.6
6.9
6.9
6.2
6.5
6.5
5.1
5.1
19.3
19.3
38.9
38.9
12.4
12.4
8.0
4.2
15.2
15.2
6.8
13.6
13.6
40.8
40.8
16.1
4.5
4.5
7.7
7.7
3.1
3.1
7.7
7.7
5.5
5.5
27.0
27.0
15.1
15.1
15.8
15.8
14.1
14.1
5.7
15.8
15.8
3.5
5.2
22.6
22.6
6.7
6.7
26.7
26.7
16.6
16.6
42.9
42.9
23.3
11.7
11.7
10.2
10.2
3.7
22.8
22.8
12.6
21.9
21.9
5.5
14.6
14.6
27.7
27.7
4.4
4.7
4.7
7.4
7.4
10.1
13.8
13.8
5.0
13.7
13.7
14.1
14.1
10.1
10.1
18.1
18.1
21.3
21.3
16.7
16.7
13.0
19.2
19.2
18.9
18.9
6.7
6.4
18.8
18.8
17.8
17.8
8.1
8.1
24.9
24.9
7.2
7.2
8.9
19.7
19.7
12.2
30.0
30.0
7.7
13.0
13.0
22.2
22.2
4.8
4.8
29.2
29.2
12.6
12.6
5.5
5.5
15.6
15.6
3.5
7.6
7.6
16.5
16.5
6.5
19.1
19.1
4.2
21.2
21.2
13.9
13.9
3.8
3.8
4.6
8.7
8.7
3.3
17.8
17.8
29.4
29.4
15.6
16.2
16.2
5.8
5.0
6.4
6.4
7.1
22.6
39.7
39.7
11.4
28.7
28.7
21.6
47.2
47.2
9.4
9.4
15.5
20.5
39.9
39.9
9.5
10.5
10.5
5.9
24.4
24.4
14.6
14.6
12.3
19.6
19.6
4.8
13.2
13.2
10.1
10.1
6.2
13.0
13.0
25.5
25.5
15.2
16.1
16.1
14.4
14.4
19.3
19.3
3.1
16.4
16.4
24.1
24.1
31.2
31.2
7.7
7.7
9.9
9.9
3.3
11.0
11.0
16.6
16.6
24.3
24.3
24.5
24.5
4.0
4.3
4.3
8.4
8.4
13.0
13.0
8.4
17.9
17.9
4.5
11.9
11.9
3.4
3.5
27.6
27.6
5.6
5.8
5.8
28.0
28.0
8.4
8.4
19.5
19.5
3.7
12.9
12.9
19.5
28.3
28.3
9.1
21.5
21.5
22.8
22.8
12.6
12.6
3.7
15.6
15.6
18.8
18.8
7.6
7.6
10.8
10.8
16.3
16.3
5.1
5.1
9.1
9.1
12.3
12.3
8.5
20.0
20.0
8.0
8.0
29.3
29.3
31.1
31.1
25.5
25.5
16.8
103.0
103.0
33.5
33.5
17.0
17.0
11.3
7.8
10.9
18.6
18.6
3.5
7.1
7.1
6.0
12.7
12.7
16.3
16.3
6.2
41.9
41.9
15.0
28.4
28.4
3.2
19.5
19.5
5.0
5.0
3.6
7.4
7.4
27.8
27.8
13.4
13.4
21.0
21.0
21.0
21.0
12.8
12.8
6.8
6.8
28.1
28.1
11.4
15.2
15.2
8.0
22.7
22.7
20.4
20.4
3.3
5.7
5.7
7.9
7.9
21.0
39.7
39.7
39.4
39.4
31.2
31.2
7.6
16.8
16.8
10.7
19.1
19.1
6.3
6.3
9.7
9.7
4.2
5.4
5.4
20.8
20.8
12.8
5.0
5.0
13.6
23.5
23.5
11.5
11.5
40.6
40.6
18.2
21.8
21.8
19.1
82.2
82.2
13.7
7.1
19.9
19.9
3.1
17.8
17.8
19.6
19.6
6.3
6.3
21.4
21.4
10.4
10.4
4.6
4.6
10.8
10.8
5.1
7.5
7.5
12.9
12.9
17.9
17.9
9.9
9.9
13.1
13.1
5.2
10.6
10.6
6.7
17.1
17.1
10.2
24.1
24.1
17.6
17.6
3.6
3.6
7.2
7.2
3.2
9.2
41.0
41.0
9.9
9.9
9.2
9.2
4.9
4.9
6.6
6.6
7.0
38.2
38.2
16.0
16.0
15.6
12.9
12.9
7.8
10.5
28.2
28.2
19.6
19.6
3.4
14.0
14.0
20.7
20.7
49.2
49.2
43.2
3.2
3.2
9.5
17.9
17.9
3.4
3.4
6.1
11.3
11.3
15.9
15.9
8.1
32.6
32.6
3.2
15.2
15.2
4.7
3.8
3.8
39.9
39.9
15.8
4.8
32.1
32.1
5.3
5.3
4.1
9.0
10.8
10.8
6.4
25.2
25.2
17.1
5.4
5.4
7.5
7.5
14.0
14.0
8.6
3.1
3.1
8.0
11.5
11.5
26.3
26.3
17.6
17.6
31.0
31.0
10.4
8.9
8.9
12.9
12.9
4.9
4.9
16.6
16.6
6.8
6.8
3.1
8.8
13.3
13.3
5.6
32.9
32.9
13.6
19.3
19.3
3.6
37.7
37.7
3.3
31.6
31.6
20.9
48.5
48.5
10.7
10.7
4.9
27.0
27.0
8.9
8.9
4.2
4.2
9.8
39.5
39.5
6.3
6.3
3.4
7.5
7.5
4.9
4.9
17.2
17.2
6.9
13.0
13.0
24.4
24.4
12.6
12.6
12.4
23.0
23.0
11.3
11.3
12.7
12.7
10.6
10.6
3.9
3.9
3.6
11.0
11.0
8.5
8.5
10.7
10.7
6.4
6.4
8.0
8.0
4.3
6.9
6.9
5.6
5.6
18.1
18.1
6.5
6.5
13.4
13.4
3.3
20.7
20.7
4.7
4.7
13.5
13.5
8.6
4.8
4.8
3.1
18.9
18.9
16.2
16.2
6.2
6.2
9.4
18.6
18.6
9.7
35.3
35.3
4.2
23.2
23.2
30.0
30.0
4.3
4.4
4.4
48.3
48.3
14.7
8.1
27.7
27.7
10.8
10.8
5.0
5.0
9.1
9.1
11.3
14.1
14.1
8.8
8.8
4.6
4.6
8.8
17.7
17.7
12.0
4.6
3.6
8.3
8.3
17.6
17.6
5.2
3.1
3.1
6.5
6.5
9.8
9.8
16.9
16.9
50.0
50.0
12.8
5.4
10.6
10.6
6.5
20.1
20.1
8.6
5.9
4.1
7.3
7.3
14.1
14.1
27.4
27.4
9.3
9.3
20.0
20.0
16.3
16.3
6.5
10.8
10.8
4.6
4.6
21.1
21.1
6.0
6.0
6.0
5.8
5.1
5.1
34.0
34.0
9.4
9.4
12.4
14.1
27.5
27.5
37.1
37.1
15.9
15.9
8.9
4.8
4.8
6.0
6.0
3.3
3.3
3.2
14.9
14.9
14.3
10.3
23.7
23.7
39.1
39.1
4.0
4.0
23.0
23.0
13.1
13.1
18.8
18.8
3.6
7.8
7.8
13.9
13.9
26.8
26.8
13.8
13.8
8.2
8.2
16.1
16.1
53.1
53.1
30.8
30.8
31.4
31.4
31.9
31.9
23.5
10.4
30.9
30.9
13.6
5.0
5.0
23.9
23.9
18.6
18.6
20.7
20.7
8.7
8.7
3.2
4.2
13.4
13.4
11.5
19.1
19.1
5.1
12.1
12.1
40.3
40.3
3.6
3.6
34.0
34.0
20.6
20.6
15.9
15.9
8.3
8.3
20.7
20.7
20.7
20.7
9.9
9.9
3.7
23.6
23.6
4.2
4.2
29.4
29.4
11.4
12.3
12.3
12.9
12.9
9.5
9.5
8.4
8.4
28.7
28.7
16.6
16.6
6.4
23.9
23.9
10.6
10.6
7.3
27.7
27.7
20.8
20.8
23.6
23.6
28.0
28.0
7.1
16.7
16.7
12.6
12.6
7.9
24.2
24.2
22.1
22.1
17.4
7.3
7.3
25.5
25.5
3.7
9.3
9.3
41.4
41.4
3.3
3.3
35.0
35.0
8.4
8.4
4.8
4.8
26.4
26.4
21.5
5.3
11.9
11.9
8.6
10.2
15.8
15.8
16.3
16.3
6.3
14.0
14.0
11.9
11.9
24.3
24.3
3.3
8.0
8.0
11.6
11.6
3.9
3.9
3.2
12.8
12.8
8.3
8.3
8.3
8.3
8.3
30.7
34.9
34.9
9.5
33.8
33.8
12.8
12.8
15.3
15.3
8.1
4.3
4.3
25.3
39.0
39.0
24.3
27.2
27.2
36.6
36.6
25.9
25.9
17.5
17.5
5.2
22.0
22.0
29.2
29.2
34.5
34.5
20.4
20.4
18.7
16.7
16.7
15.8
28.1
28.1
8.0
19.1
19.1
13.3
3.2
3.2
24.6
24.6
5.2
5.2
25.5
25.5
11.3
11.3
7.5
16.2
16.2
34.9
34.9
3.3
23.7
23.7
7.5
7.5
15.6
15.6
4.0
8.2
9.0
9.0
13.8
13.8
49.6
49.6
8.0
37.5
37.5
35.3
35.3
44.8
44.8
9.1
9.1
20.0
20.0
7.7
6.7
6.7
18.4
18.4
25.0
25.0
15.9
15.9
35.6
35.6
5.7
11.8
11.8
7.7
7.7
22.4
22.4
8.6
8.6
44.1
44.1
8.7
8.7
8.1
3.9
3.9
31.9
31.9
6.0
37.4
37.4
36.0
36.0
4.4
15.9
15.9
12.5
12.5
23.2
23.2
7.4
7.4
5.7
5.7
42.2
42.2
11.9
11.9
29.2
29.2
9.0
25.3
25.3
4.1
8.9
10.6
10.6
7.3
7.3
7.4
7.4
27.7
27.7
9.3
9.9
9.9
5.0
5.0
13.5
13.5
8.4
6.6
6.6
21.1
21.1
16.1
16.1
22.8
22.8
3.6
10.4
10.4
4.8
20.7
20.7
14.3
14.3
12.2
12.2
6.9
6.9
6.7
23.0
23.0
19.5
19.5
26.0
26.0
12.5
12.5
12.2
6.8
23.0
23.0
3.6
12.6
12.6
28.2
28.2
19.6
6.4
20.7
20.7
10.9
13.6
25.0
25.0
17.7
17.7
9.9
13.7
13.7
7.3
7.7
27.4
27.4
7.5
7.5
4.2
9.8
9.8
3.7
9.4
9.4
5.7
5.7
8.0
12.7
12.7
7.2
7.2
16.8
16.8
5.7
5.7
5.9
18.2
18.2
33.7
33.7
10.8
10.8
11.3
11.3
11.6
11.6
8.3
4.4
4.4
35.4
35.4
15.2
15.6
15.6
41.9
41.9
3.1
3.1
31.5
31.5
9.9
9.9
9.1
3.4
3.4
16.0
16.0
12.1
7.7
14.7
14.7
7.5
7.5
13.9
13.9
8.6
14.1
14.1
13.9
13.9
9.8
7.6
9.4
9.4
15.4
15.4
6.5
38.4
38.4
4.2
10.8
10.8
11.2
11.2
3.9
3.9
13.9
13.9
11.1
11.1
27.3
27.3
19.1
19.1
15.0
15.0
30.6
30.6
29.7
5.7
5.7
6.0
6.0
13.1
13.1
15.0
24.0
24.0
7.1
27.3
27.3
14.0
14.0
12.4
12.4
13.3
13.3
5.8
32.8
32.8
16.4
16.4
5.2
8.4
8.4
18.1
18.1
6.5
6.5
12.9
12.9
9.0
9.0
15.7
15.7
5.3
4.2
4.2
4.4
4.4
20.7
20.7
4.1
4.1
22.0
22.0
4.6
4.6
26.1
26.1
3.6
11.8
47.1
47.1
18.7
4.7
4.2
4.2
7.1
7.1
4.7
4.7
26.1
26.1
15.4
15.4
21.3
21.3
20.0
20.0
9.6
32.5
32.5
6.6
6.6
10.6
42.5
42.5
16.5
43.0
43.0
27.7
26.0
26.0
8.5
8.5
7.1
7.1
7.9
7.9
25.8
25.8
4.7
4.7
3.5
11.0
11.0
14.6
19.0
19.0
7.0
7.0
37.7
37.7
18.3
18.3
14.8
18.1
18.1
9.8
10.4
10.4
11.1
11.1
26.4
26.4
6.6
6.6
3.4
3.4
36.5
36.5
18.7
18.7
11.3
11.3
3.6
3.6
6.7
6.7
12.3
12.3
7.8
7.8
11.1
11.1
7.1
17.6
17.6
8.4
14.0
14.0
4.5
41.2
41.2
8.0
8.0
14.4
18.8
18.8
16.5
4.1
9.8
21.7
21.7
26.5
26.5
23.1
23.1
18.9
18.9
6.9
6.9
21.2
21.2
5.9
20.2
20.2
24.3
24.3
3.9
3.2
12.8
12.8
10.2
10.2
11.9
11.9
7.7
46.2
46.2
10.8
17.8
17.8
29.4
29.4
15.7
16.2
16.2
5.7
5.1
6.4
6.4
7.1
22.6
39.7
39.7
11.4
28.6
28.6
21.7
47.2
47.2
9.4
9.4
15.5
20.5
39.9
39.9
9.5
10.5
10.5
5.9
24.4
24.4
14.6
14.6
12.3
19.6
19.6
4.8
13.2
13.2
10.1
10.1
6.2
13.0
13.0
25.5
25.5
15.2
16.1
16.1
14.4
14.4
19.3
19.3
3.1
16.4
16.4
24.1
24.1
31.2
31.2
7.7
7.7
9.9
9.9
3.3
11.0
11.0
16.6
16.6
24.3
24.3
24.5
24.5
4.0
4.3
4.3
8.4
8.4
13.0
13.0
8.4
17.9
17.9
4.5
11.9
11.9
3.4
3.5
27.6
27.6
5.6
5.8
5.8
28.0
28.0
8.4
8.4
19.5
19.5
3.7
12.9
12.9
19.5
28.3
28.3
9.1
21.5
21.5
22.8
22.8
12.6
12.6
3.7
15.6
15.6
18.8
18.8
7.6
7.6
10.8
10.8
16.3
16.3
5.1
5.1
9.1
9.1
12.3
12.3
8.5
20.0
20.0
8.0
8.0
29.3
29.3
31.1
31.1
25.5
25.5
16.8
103.0
103.0
33.5
33.5
17.0
17.0
11.3
7.8
10.9
18.6
18.6
3.5
7.1
7.1
6.0
12.7
12.7
16.3
16.3
6.2
41.9
41.9
15.0
28.4
28.4
3.2
19.5
19.5
5.0
5.0
3.6
7.4
7.4
27.8
27.8
13.4
13.4
21.0
21.0
21.0
21.0
12.8
12.8
6.8
6.8
28.1
28.1
11.4
15.2
15.2
8.0
22.7
22.7
20.4
20.4
3.3
5.7
5.7
7.9
7.9
21.0
39.7
39.7
39.4
39.4
31.2
31.2
7.6
16.8
16.8
10.7
19.1
19.1
6.3
6.3
9.7
9.7
4.2
5.4
5.4
20.8
20.8
12.8
5.0
5.0
13.6
23.5
23.5
11.5
11.5
40.6
40.6
18.2
21.8
21.8
19.1
82.2
82.2
13.7
7.1
19.9
19.9
3.1
17.8
17.8
19.6
19.6
6.3
6.3
21.4
21.4
10.4
10.4
4.6
4.6
10.8
10.8
5.1
7.5
7.5
12.9
12.9
17.9
17.9
9.9
9.9
13.1
13.1
5.2
10.6
10.6
6.7
17.1
17.1
10.2
24.1
24.1
17.6
17.6
3.6
3.6
7.2
7.2
3.2
9.2
41.0
41.0
9.9
9.9
9.2
9.2
4.9
4.9
54.0
54.0
18.3
18.3
21.7
21.7
15.8
15.8
15.7
7.8
7.8
5.0
5.0
5.0
4.9
12.0
31.2
31.2
21.3
22.9
22.9
3.7
43.0
43.2
43.2
7.9
7.9
5.4
5.4
8.7
8.7
5.7
5.7
6.5
6.5
4.7
4.7
12.1
12.1
29.7
29.7
5.4
5.4
22.6
22.6
6.1
5.1
5.1
59.3
59.3
26.4
26.4
12.7
9.0
9.0
9.1
9.9
9.9
6.2
6.2
19.3
19.3
12.4
12.4
5.8
5.8
3.7
3.7
16.5
18.8
18.8
3.2
9.0
9.0
41.0
41.0
7.9
7.9
6.1
26.6
26.6
14.1
4.3
4.3
4.6
4.6
4.3
7.3
7.3
4.7
4.7
17.6
17.6
12.2
12.2
6.4
13.3
13.3
4.2
4.2
4.0
15.9
15.9
4.3
23.1
23.1
17.7
17.7
46.9
46.9
21.0
21.0
8.6
15.7
58.2
58.2
16.6
16.6
5.9
9.5
9.5
6.5
6.5
4.0
4.0
8.1
8.1
9.3
9.8
27.6
27.6
3.2
3.2
13.0
13.3
13.3
17.2
17.2
5.1
21.9
21.9
14.9
14.9
14.9
14.9
11.4
11.4
17.3
17.3
4.7
20.6
20.6
7.0
20.2
20.2
5.8
5.8
6.5
6.5
5.3
10.3
10.3
27.9
27.9
8.8
8.8
13.4
13.4
10.4
8.4
20.9
20.9
8.1
7.2
7.2
25.7
25.7
3.5
19.0
36.0
36.0
46.5
46.5
8.4
8.4
17.5
17.5
7.9
7.9
13.3
14.6
14.6
11.4
7.1
27.4
35.3
35.3
9.0
9.0
23.6
23.6
22.4
22.4
9.7
9.7
29.8
29.8
6.6
6.6
7.5
7.5
3.3
3.3
7.6
7.6
7.6
8.8
17.6
17.6
12.1
11.3
7.6
7.6
20.1
20.1
5.2
5.2
8.5
8.5
4.8
4.8
5.6
5.6
3.2
7.3
8.1
8.1
18.5
18.5
35.9
35.9
9.1
10.7
10.7
5.2
5.6
5.6
15.5
15.5
12.6
12.1
12.1
10.0
13.9
13.9
7.8
9.4
9.4
3.4
65.8
65.8
36.1
36.1
5.9
5.9
8.5
8.5
3.5
23.0
23.0
9.8
9.8
8.1
8.1
16.8
16.8
8.8
8.8
13.0
17.9
23.1
23.1
22.2
23.1
23.1
7.9
10.1
10.1
11.7
11.7
15.2
15.2
4.7
14.3
14.3
10.6
5.2
36.8
36.8
18.9
5.7
9.8
9.8
13.8
13.8
17.8
17.8
4.2
4.2
12.9
12.9
3.1
3.1
11.7
11.7
3.9
14.2
14.2
3.5
19.2
19.2
6.3
6.3
13.8
13.8
4.3
4.3
28.7
28.7
5.9
30.6
30.6
